-2.865150000000007680e+01,-3.168275000000007680e+01,-3.343275000000007680e+01,-3.430775000000007680e+01,-3.651087500000007680e+01,-3.744837500000007680e+01,-3.894837500000007680e+01,-3.954212500000007680e+01,-3.901087500000007680e+01,-3.718275000000007680e+01,-3.633900000000007680e+01,-3.516712500000007680e+01,-3.280775000000007680e+01,-2.994837500000007680e+01,-2.608900000000007680e+01,-2.305775000000006969e+01,-1.962025000000006969e+01,-1.710462500000006614e+01,-1.308900000000006258e+01,-8.073375000000060808e+00,-2.526500000000057700e+00,3.645374999999946741e+00,8.957874999999951626e+00,1.669224999999995518e+01,2.505162499999995873e+01,3.477037499999996584e+01,4.370787499999997294e+01,5.339537499999998005e+01,6.234849999999998715e+01,7.094224999999998715e+01,8.044224999999998715e+01,8.808287500000000136e+01,9.522350000000002979e+01,1.018797500000000298e+02,1.093485000000000298e+02,1.145985000000000298e+02,1.195985000000000298e+02,1.253016250000000298e+02,1.316766250000000298e+02,1.389422500000000298e+02,1.444422500000000298e+02,1.505516250000000298e+02,1.545985000000000298e+02,1.595047500000000298e+02,1.652703750000000298e+02,1.693328750000000298e+02,1.715985000000000298e+02,1.729578750000000298e+02,1.751766250000000298e+02,1.764110000000000298e+02,1.794110000000000298e+02,1.824891250000000298e+02,1.839110000000000298e+02,1.852078750000000298e+02,1.872078750000000298e+02,1.888485000000000582e+02,1.914578750000000866e+02,1.932235000000001151e+02,1.940047500000001151e+02,1.934735000000000866e+02,1.932860000000000866e+02,1.936453750000001151e+02,1.933797500000001151e+02,1.930203750000000866e+02,1.904266250000000582e+02,1.878641250000000582e+02,1.848953750000000298e+02,1.820828750000000298e+02,1.792391250000000298e+02,1.754891250000000298e+02,1.717860000000000298e+02,1.674266250000000298e+02,1.642860000000000298e+02,1.626922500000000298e+02,1.612547500000000298e+02,1.607860000000000298e+02,1.618172500000000298e+02,1.637391250000000298e+02,1.651922500000000298e+02,1.677078750000000298e+02,1.697547500000000298e+02,1.705047500000000298e+02,1.710828750000000298e+02,1.703328750000000298e+02,1.669578750000000298e+02,1.632703750000000298e+02,1.595360000000000298e+02,1.550985000000000298e+02,1.512860000000000298e+02,1.461766250000000298e+02,1.411297500000000298e+02,1.370985000000000298e+02,1.344110000000000298e+02,1.314735000000000298e+02,1.280047500000000298e+02,1.244578750000000298e+02,1.193797500000000298e+02,1.149110000000000298e+02,1.091766250000000298e+02,1.021610000000000298e+02,9.347350000000002979e+01,8.298912500000000136e+01,7.308287499999998715e+01,6.220787499999998715e+01,5.155162499999997294e+01,4.095787499999997294e+01,3.052037499999996584e+01,2.066099999999995873e+01,1.255162499999995163e+01,5.801624999999948074e+00,-6.671250000000559233e-01,-5.729625000000059032e+00,-1.087025000000006258e+01,-1.491712500000006614e+01,-1.785462500000006614e+01,-2.101087500000006969e+01,-2.318275000000007324e+01,-2.312025000000007324e+01,-2.151087500000006969e+01,-1.702650000000006969e+01,-9.432750000000062585e+00,-1.323375000000057033e+00,8.989124999999949850e+00,2.236412499999995873e+01,3.536412499999996584e+01,4.719224999999997294e+01,5.808287499999998715e+01,6.498912499999998715e+01,6.945787499999998715e+01,7.242662499999998715e+01,7.247349999999998715e+01,6.772349999999998715e+01,6.059849999999998715e+01,5.172349999999997294e+01,4.011412499999997294e+01,2.895787499999995873e+01,1.817662499999995518e+01,8.270374999999949850e+00,-1.229625000000057256e+00,-7.620250000000060808e+00,-1.260462500000006258e+01,-1.562025000000006614e+01,-1.538587500000006614e+01,-1.515150000000006614e+01,-1.612025000000006614e+01,-1.776087500000006614e+01,-1.877650000000006614e+01,-1.990150000000006969e+01,-2.144837500000006969e+01,-2.474525000000007324e+01,-2.891712500000007680e+01,-3.160462500000007680e+01,-3.208900000000007680e+01,-3.066712500000007680e+01,-2.908900000000007680e+01,-2.868275000000007680e+01,-2.476087500000007324e+01,-1.762025000000006969e+01,-8.995250000000062585e+00,1.067249999999944521e+00,1.264537499999995163e+01,2.431724999999995873e+01,3.834849999999996584e+01,5.784849999999998005e+01,7.542662500000000136e+01,9.511412500000000136e+01,1.163485000000000298e+02,1.399422500000000298e+02,1.657235000000000582e+02,1.957078750000001151e+02,2.283953750000001151e+02,2.589891250000001151e+02,2.937547500000001151e+02,3.267703750000001151e+02,3.598172500000001719e+02,3.895828750000002856e+02,4.151610000000002856e+02,4.352078750000002856e+02,4.500516250000002856e+02,4.622391250000002856e+02,4.694735000000002856e+02,4.743641250000002856e+02,4.762703750000002856e+02,4.770360000000002856e+02,4.773797500000002856e+02,4.776453750000002856e+02,4.778485000000002856e+02,4.779735000000002856e+02,4.780516250000002856e+02,4.781297500000002856e+02,4.781297500000002856e+02,4.780828750000002856e+02,4.780203750000002856e+02,4.779578750000002856e+02,4.779422500000002856e+02,4.779578750000002856e+02,4.779735000000002856e+02,4.779735000000002856e+02,4.780203750000002856e+02,4.781141250000002856e+02,4.782078750000002856e+02,4.783328750000002856e+02,4.784422500000002856e+02,4.785203750000002856e+02,4.786141250000002856e+02,4.787391250000002856e+02,4.788641250000002856e+02,4.789578750000002856e+02,4.790516250000002856e+02,4.791141250000002856e+02,4.791610000000002856e+02,4.792078750000002856e+02,4.792391250000002856e+02,4.792235000000002856e+02,4.791922500000002856e+02,4.791610000000002856e+02,4.791297500000002856e+02,4.790985000000002856e+02,4.790516250000002856e+02,4.790672500000002856e+02,4.790672500000002856e+02,4.790672500000002856e+02,4.790672500000002856e+02,4.790672500000002856e+02,4.790828750000002856e+02,4.790828750000002856e+02,4.791453750000002856e+02,4.791610000000002856e+02,4.792078750000002856e+02,4.792860000000002856e+02,4.793485000000002856e+02,4.794110000000002856e+02,4.794578750000002856e+02,4.795360000000002856e+02,4.795516250000002856e+02,4.795828750000002856e+02,4.795828750000002856e+02,4.795672500000002856e+02,4.795672500000002856e+02,4.795360000000002856e+02,4.794891250000002856e+02,4.794422500000002856e+02,4.793641250000002856e+02,4.792391250000002856e+02,4.791297500000002856e+02,4.790047500000002856e+02,4.788641250000002856e+02,4.787703750000002856e+02,4.787078750000002856e+02,4.785985000000002856e+02,4.785360000000002856e+02,4.785047500000002856e+02,4.784735000000002856e+02,4.784578750000002856e+02,4.784735000000002856e+02,4.784735000000002856e+02,4.784266250000002856e+02,4.783953750000002856e+02,4.783641250000002856e+02,4.783328750000002856e+02,4.782703750000002856e+02,4.781766250000002856e+02,4.779735000000002856e+02,4.776453750000002856e+02,4.764891250000002856e+02,4.741141250000002856e+02,4.699422500000002856e+02,4.648953750000002856e+02,4.589891250000002856e+02,4.516610000000002856e+02,4.420047500000002856e+02,4.292391250000002856e+02,4.145516250000002856e+02,3.998016250000002856e+02,3.854422500000002856e+02,3.685360000000001719e+02,3.497235000000001151e+02,3.295360000000001151e+02,3.093485000000001151e+02,2.915047500000001151e+02,2.744735000000001151e+02,2.551453750000001151e+02,2.352547500000001151e+02,2.193641250000001151e+02,2.026297500000001151e+02,1.851297500000000866e+02,1.673016250000000582e+02,1.463172500000000298e+02,1.253485000000000298e+02,1.065047500000000298e+02,8.619225000000000136e+01,6.180162499999998715e+01,3.791099999999997294e+01,1.458287499999995518e+01,-7.276500000000059920e+00,-2.562025000000006969e+01,-4.416712500000008390e+01,-6.352650000000009811e+01,-8.068275000000011232e+01,-9.955775000000012653e+01,-1.161671250000001407e+02,-1.312608750000001407e+02,-1.487921250000001407e+02,-1.692296250000001692e+02,-1.903702500000001976e+02,-2.105265000000002260e+02,-2.314952500000002260e+02,-2.480733750000002260e+02,-2.653077500000002260e+02,-2.808702500000002260e+02,-2.926827500000002260e+02,-3.028233750000002260e+02,-3.109640000000002260e+02,-3.203390000000002260e+02,-3.302608750000002260e+02,-3.393077500000002260e+02,-3.483390000000002260e+02,-3.592140000000002260e+02,-3.724952500000002829e+02,-3.854483750000003965e+02,-3.987296250000003965e+02,-4.111358750000003965e+02,-4.213702500000003965e+02,-4.329640000000003965e+02,-4.440265000000003965e+02,-4.551046250000003965e+02,-4.639015000000003965e+02,-4.710421250000003965e+02,-4.780421250000003965e+02,-4.836983750000003965e+02,-4.896983750000003965e+02,-4.955421250000003965e+02,-5.006671250000003965e+02,-5.040733750000003965e+02,-5.079171250000003965e+02,-5.124171250000003965e+02,-5.158546250000003965e+02,-5.189796250000003965e+02,-5.213390000000003965e+02,-5.225421250000003965e+02,-5.234952500000003965e+02,-5.244796250000003965e+02,-5.249796250000003965e+02,-5.250265000000003965e+02,-5.251046250000003965e+02,-5.251827500000003965e+02,-5.252452500000003965e+02,-5.252921250000003965e+02,-5.253233750000003965e+02,-5.253390000000003965e+02,-5.252921250000003965e+02,-5.252765000000003965e+02,-5.252452500000003965e+02,-5.249015000000003965e+02,-5.243233750000003965e+02,-5.237608750000003965e+02,-5.231983750000003965e+02,-5.225577500000003965e+02,-5.215577500000003965e+02,-5.203390000000003965e+02,-5.177921250000003965e+02,-5.155265000000003965e+02,-5.128390000000003965e+02,-5.089015000000003965e+02,-5.041983750000003965e+02,-4.993858750000003965e+02,-4.940421250000003965e+02,-4.864640000000003965e+02,-4.790265000000003965e+02,-4.710265000000003965e+02,-4.626202500000003965e+02,-4.543858750000003965e+02,-4.452608750000003965e+02,-4.351046250000003965e+02,-4.259015000000003965e+02,-4.193233750000003965e+02,-4.145265000000003965e+02,-4.094640000000003965e+02,-4.047140000000003965e+02,-4.004796250000003965e+02,-3.980265000000003965e+02,-3.952296250000003965e+02,-3.907921250000003965e+02,-3.849640000000003965e+02,-3.777608750000002829e+02,-3.711046250000002829e+02,-3.658858750000002260e+02,-3.619483750000002260e+02,-3.572765000000002260e+02,-3.531046250000002260e+02,-3.503858750000002260e+02,-3.482608750000002260e+02,-3.461046250000002260e+02,-3.418233750000002260e+02,-3.332452500000002260e+02,-3.219952500000002260e+02,-3.103546250000002260e+02,-2.996827500000002260e+02,-2.889640000000002260e+02,-2.788858750000002260e+02,-2.682608750000002260e+02,-2.609483750000002260e+02,-2.588702500000002260e+02,-2.581671250000002260e+02,-2.574952500000002260e+02,-2.555577500000002260e+02,-2.526827500000002260e+02,-2.498233750000002260e+02,-2.483546250000002260e+02,-2.451671250000002260e+02,-2.406202500000002260e+02,-2.360890000000002260e+02,-2.330265000000002260e+02,-2.320421250000002260e+02,-2.309640000000002260e+02,-2.279796250000002260e+02,-2.241827500000002260e+02,-2.204483750000002260e+02,-2.151046250000002260e+02,-2.099015000000002260e+02,-2.015265000000002260e+02,-1.922921250000002260e+02,-1.837140000000001692e+02,-1.766827500000001407e+02,-1.692296250000001407e+02,-1.617140000000001407e+02,-1.537765000000001407e+02,-1.455265000000001407e+02,-1.409640000000001407e+02,-1.357296250000001407e+02,-1.315265000000001407e+02,-1.271827500000001407e+02,-1.248702500000001407e+02,-1.229015000000001407e+02,-1.226827500000001407e+02,-1.231671250000001407e+02,-1.221358750000001407e+02,-1.211671250000001407e+02,-1.185733750000001407e+02,-1.169327500000001407e+02,-1.128702500000001407e+02,-1.091515000000001407e+02,-1.059483750000001407e+02,-1.017765000000001407e+02,-9.765150000000012653e+01,-9.315150000000011232e+01,-8.918275000000011232e+01,-8.326087500000009811e+01,-7.938587500000009811e+01,-7.541712500000009811e+01,-7.076087500000009811e+01,-6.802650000000009811e+01,-6.479212500000009811e+01,-6.260462500000009811e+01,-6.119837500000009811e+01,-6.113587500000009811e+01,-6.033900000000009811e+01,-5.791712500000009811e+01,-5.654212500000009811e+01,-5.393275000000009811e+01,-5.227650000000009811e+01,-5.077650000000009811e+01,-4.826087500000009101e+01,-4.549525000000008390e+01,-4.252650000000007680e+01,-4.252650000000007680e+01,-3.940150000000007680e+01,-3.587025000000007680e+01,-3.202650000000007680e+01,-2.724525000000007680e+01,-2.458900000000007324e+01,-2.291712500000006969e+01,-2.237025000000006614e+01,-2.137025000000006614e+01,-2.330775000000006969e+01,-2.655775000000007680e+01,-3.013587500000007680e+01,-3.524525000000007680e+01,-3.768275000000007680e+01,-3.947962500000007680e+01,-3.904212500000007680e+01,-3.835462500000007680e+01,-3.724525000000007680e+01,-3.508900000000007680e+01,-3.254212500000007680e+01,-2.880775000000007680e+01,-2.671400000000007680e+01,-2.382337500000007680e+01,-2.282337500000006969e+01,-1.988587500000006969e+01,-1.613587500000006614e+01,-1.207337500000006258e+01,-7.307750000000059920e+00,-1.979625000000056811e+00,4.317249999999948074e+00,8.957874999999949850e+00,1.409849999999995163e+01,1.719224999999995518e+01,2.050474999999995873e+01,2.422349999999995873e+01,2.556724999999996584e+01,2.445787499999996228e+01,2.345787499999996228e+01,2.447349999999996584e+01,2.527037499999996584e+01,2.836412499999996584e+01,3.091099999999996584e+01,3.081724999999996584e+01,3.159849999999996584e+01,3.498912499999996584e+01,3.727037499999996584e+01,3.809849999999996584e+01,3.959849999999996584e+01,3.994224999999996584e+01,4.047349999999996584e+01,4.244224999999996584e+01,4.653599999999997294e+01,4.897349999999998715e+01,5.089537499999998715e+01,5.394224999999998715e+01,5.514537499999998715e+01,5.522349999999998715e+01,5.417662499999998715e+01,5.386412499999998715e+01,5.244224999999998715e+01,5.106724999999998715e+01,5.077037499999998715e+01,4.895787499999998715e+01,4.969224999999998715e+01,4.986412499999998715e+01,5.169224999999998715e+01,5.442662499999998715e+01,5.512974999999998715e+01,5.637974999999998715e+01,5.789537499999998715e+01,6.144224999999998715e+01,6.295787499999998715e+01,6.586412499999998715e+01,6.798912499999998715e+01,6.792662499999998715e+01,6.956724999999998715e+01,7.223912499999998715e+01,7.411412499999998715e+01,7.256724999999998715e+01,7.075474999999998715e+01,6.914537499999998715e+01,6.609849999999998715e+01,6.356724999999998715e+01,6.087974999999998715e+01,5.509849999999998715e+01,4.795787499999998005e+01,4.328599999999997294e+01,4.030162499999997294e+01,3.506724999999996584e+01,3.042662499999996584e+01,2.337974999999996228e+01,1.466099999999995518e+01,7.676624999999949850e+00,1.145374999999945853e+00,-8.010875000000060808e+00,-1.990150000000006614e+01,-3.235462500000006969e+01,-4.699525000000008390e+01,-6.105775000000009811e+01,-7.702650000000011232e+01,-9.624525000000011232e+01,-1.173702500000001407e+02,-1.387921250000001407e+02,-1.612296250000001692e+02,-1.845421250000002260e+02,-2.077608750000002260e+02,-2.308077500000002260e+02,-2.511671250000002260e+02,-2.684952500000002260e+02,-2.816358750000002260e+02,-2.918546250000002260e+02,-2.986827500000002260e+02,-2.996671250000002260e+02,-2.946202500000002260e+02,-2.849952500000002260e+02,-2.747921250000002260e+02,-2.651046250000002260e+02,-2.581827500000002260e+02,-2.539327500000002260e+02,-2.530421250000002260e+02,-2.574483750000002260e+02,-2.670108750000002260e+02,-2.813077500000002260e+02,-2.947608750000002260e+02,-3.064015000000002260e+02,-3.140265000000002260e+02,-3.146983750000002260e+02,-3.076046250000002260e+02,-2.941827500000002260e+02,-2.755890000000002260e+02,-2.523858750000002260e+02,-2.252608750000002260e+02,-1.934952500000001976e+02,-1.601983750000001692e+02,-1.286983750000001407e+02,-9.782337500000011232e+01,-6.660462500000008390e+01,-3.562025000000007680e+01,-3.839000000000057256e+00,2.656724999999995873e+01,5.280162499999997294e+01,7.753600000000000136e+01,1.020672500000000014e+02,1.253641250000000298e+02,1.465047500000000298e+02,1.675047500000000582e+02,1.866922500000001151e+02,2.031922500000001151e+02,2.201766250000001151e+02,2.354578750000001151e+02,2.490360000000001151e+02,2.590672500000001151e+02,2.664891250000001151e+02,2.700672500000001151e+02,2.704891250000001151e+02,2.700203750000001151e+02,2.664422500000001151e+02,2.606610000000001151e+02,2.519735000000001151e+02,2.410828750000001151e+02,2.293172500000001151e+02,2.155828750000001151e+02,2.009891250000001151e+02,1.842547500000001151e+02,1.652391250000000582e+02,1.452078750000000298e+02,1.233172500000000298e+02,1.018172500000000014e+02,7.969225000000000136e+01,5.855162499999998715e+01,3.786412499999997294e+01,1.820787499999995518e+01,1.442249999999945853e+00,-1.391712500000006258e+01,-2.519837500000006969e+01,-3.449525000000007680e+01,-4.268275000000008390e+01,-4.866712500000009811e+01,-5.183900000000009811e+01,-5.457337500000009811e+01,-5.671400000000009811e+01,-5.783900000000009811e+01,-6.046400000000009811e+01,-6.233900000000009811e+01,-6.329212500000009811e+01,-6.421400000000009811e+01,-6.622962500000009811e+01,-6.707337500000009811e+01,-6.746400000000009811e+01,-6.813587500000009811e+01,-6.622962500000009811e+01,-6.426087500000009811e+01,-6.137025000000009811e+01,-5.843275000000009811e+01,-5.462025000000009811e+01,-4.932337500000009811e+01,-4.313587500000008390e+01,-3.530775000000007680e+01,-2.769837500000007324e+01,-1.851087500000006969e+01,-8.839000000000062585e+00,1.520374999999945409e+00,1.150474999999995163e+01,2.100474999999995873e+01,2.820787499999996228e+01,3.548912499999996584e+01,4.208287499999997294e+01,4.556724999999997294e+01,4.862974999999998715e+01,5.055162499999998715e+01,5.167662499999998715e+01,5.070787499999998715e+01,5.195787499999998715e+01,5.145787499999998715e+01,4.920787499999998715e+01,4.856724999999998005e+01,4.633287499999997294e+01,4.406724999999997294e+01,4.189537499999996584e+01,4.044224999999996584e+01,3.766099999999996584e+01,3.569224999999996584e+01,3.522349999999996584e+01,3.437974999999996584e+01,3.364537499999996584e+01,3.281724999999996584e+01,3.228599999999996584e+01,3.311412499999996584e+01,3.300474999999996584e+01,3.092662499999996584e+01,2.891099999999996584e+01,2.661412499999996584e+01,2.547349999999996584e+01,2.459849999999996584e+01,2.362974999999995873e+01,2.117662499999995873e+01,1.941099999999995518e+01,1.978599999999995518e+01,2.037974999999995518e+01,2.120787499999995518e+01,2.120787499999995518e+01,2.116099999999995518e+01,2.162974999999995873e+01,2.194224999999995873e+01,2.352037499999995873e+01,2.397349999999996228e+01,2.222349999999995873e+01,2.008287499999995873e+01,1.747349999999995518e+01,1.405162499999995518e+01,9.332874999999951626e+00,5.457874999999948074e+00,-1.671250000000554792e-01,-5.854625000000059032e+00,-9.120250000000060808e+00,-1.279212500000006436e+01,-1.458900000000006614e+01,-1.627650000000006614e+01,-1.566712500000006614e+01,-1.552650000000006614e+01,-1.521400000000006614e+01,-1.321400000000006614e+01,-1.233900000000006436e+01,-9.495250000000062585e+00,-8.245250000000060808e+00,-6.510875000000059032e+00,-6.807750000000059032e+00,-7.401500000000059920e+00,-6.635875000000059920e+00,-8.417125000000060808e+00,-9.682750000000062585e+00,-1.391712500000006436e+01,-1.799525000000006614e+01,-2.240150000000006969e+01,-2.651087500000007680e+01,-3.101087500000007680e+01,-3.680775000000007680e+01,-4.033900000000007680e+01,-4.512025000000008390e+01,-4.821400000000009101e+01,-5.094837500000009811e+01,-5.266712500000009811e+01,-5.441712500000009811e+01,-5.569837500000009811e+01,-5.694837500000009811e+01,-6.015150000000009811e+01,-6.244837500000009811e+01,-6.387025000000009811e+01,-6.626087500000009811e+01,-6.988587500000009811e+01,-7.315150000000009811e+01,-7.504212500000009811e+01,-7.612025000000009811e+01,-7.647962500000009811e+01,-7.560462500000009811e+01,-7.688587500000009811e+01,-7.738587500000009811e+01,-7.638587500000009811e+01,-7.679212500000009811e+01,-7.980775000000009811e+01,-8.371400000000009811e+01,-8.710462500000011232e+01,-9.226087500000011232e+01,-9.640150000000014074e+01,-9.982337500000014074e+01,-1.047140000000001407e+02,-1.083390000000001407e+02,-1.098233750000001407e+02,-1.113390000000001407e+02,-1.131202500000001407e+02,-1.153233750000001407e+02,-1.170265000000001407e+02,-1.207296250000001407e+02,-1.238390000000001407e+02,-1.263390000000001407e+02,-1.295890000000001407e+02,-1.325733750000001407e+02,-1.352765000000001407e+02,-1.364796250000001407e+02,-1.379952500000001407e+02,-1.379796250000001407e+02,-1.387140000000001407e+02,-1.395733750000001407e+02,-1.406046250000001407e+02,-1.411046250000001407e+02,-1.426515000000001407e+02,-1.442140000000001407e+02,-1.452921250000001407e+02,-1.455890000000001407e+02,-1.450265000000001407e+02,-1.446983750000001407e+02,-1.440577500000001407e+02,-1.428390000000001407e+02,-1.403858750000001407e+02,-1.374015000000001407e+02,-1.348077500000001407e+02,-1.326358750000001407e+02,-1.298233750000001407e+02,-1.272608750000001407e+02,-1.238702500000001407e+02,-1.201358750000001407e+02,-1.157452500000001407e+02,-1.120421250000001407e+02,-1.078702500000001407e+02,-1.041983750000001407e+02,-1.006671250000001407e+02,-9.626087500000012653e+01,-9.147962500000011232e+01,-8.797962500000009811e+01,-8.404212500000009811e+01,-8.002650000000009811e+01,-7.466712500000009811e+01,-6.774525000000009811e+01,-6.055775000000009811e+01,-5.332337500000009811e+01,-4.683900000000009101e+01,-3.910462500000008390e+01,-3.333900000000007680e+01,-2.712025000000007680e+01,-2.351087500000006969e+01,-2.187025000000006969e+01,-1.982337500000006969e+01,-1.804212500000006614e+01,-1.587025000000006614e+01,-1.455775000000006614e+01,-1.247962500000006258e+01,-1.101087500000006258e+01,-8.760875000000060808e+00,-5.604625000000059032e+00,-2.885875000000057256e+00,-2.921250000000555347e-01,1.348499999999945631e+00,3.770374999999947185e+00,7.114124999999948962e+00,1.075474999999995163e+01,1.575474999999995518e+01,1.973912499999995518e+01,2.170787499999995518e+01,2.170787499999995518e+01,2.081724999999995518e+01,1.722349999999995518e+01,1.223912499999995163e+01,6.473499999999948074e+00,-2.385875000000057256e+00,-1.101087500000006258e+01,-1.891712500000006969e+01,-2.610462500000007324e+01,-3.301087500000007680e+01,-3.783900000000007680e+01,-4.504212500000008390e+01,-5.576087500000009811e+01,-6.977650000000011232e+01,-8.863587500000012653e+01,-1.113702500000001407e+02,-1.370108750000001407e+02,-1.638233750000001692e+02,-1.918077500000001976e+02,-2.148546250000002260e+02,-2.292296250000002260e+02,-2.320890000000002260e+02,-2.239327500000002260e+02,-2.041202500000001976e+02,-1.710421250000001692e+02,-1.291827500000001407e+02,-8.202650000000011232e+01,-3.332337500000007680e+01,1.275474999999995163e+01,5.544224999999997294e+01,9.542662500000000136e+01,1.279266250000000298e+02,1.484735000000000298e+02,1.588328750000000298e+02,1.618328750000000298e+02,1.580047500000000298e+02,1.490985000000000298e+02,1.335047500000000298e+02,1.091297500000000156e+02,8.069225000000000136e+01,5.005162499999997294e+01,1.970787499999995873e+01,-1.105775000000006258e+01,-4.358900000000008390e+01,-7.688587500000009811e+01,-1.091983750000001123e+02,-1.363858750000001407e+02,-1.597765000000001407e+02,-1.783390000000001692e+02,-1.942608750000002260e+02,-2.068858750000002260e+02,-2.131515000000002260e+02,-2.146983750000002260e+02,-2.130421250000002260e+02,-2.095890000000002260e+02,-2.035733750000002260e+02,-1.951515000000002260e+02,-1.836202500000001692e+02,-1.695108750000001692e+02,-1.547140000000001407e+02,-1.391515000000001407e+02,-1.220733750000001407e+02,-1.053858750000001407e+02,-9.004212500000011232e+01,-7.693275000000009811e+01,-6.630775000000009811e+01,-5.818275000000009811e+01,-5.158900000000009811e+01,-4.587025000000008390e+01,-4.143275000000008390e+01,-3.744837500000007680e+01,-3.471400000000007680e+01,-3.263587500000007680e+01,-3.066712500000007680e+01,-2.916712500000007680e+01,-3.019837500000007680e+01,-3.202650000000007680e+01,-3.552650000000007680e+01,-3.957337500000007680e+01,-4.287025000000008390e+01,-4.682337500000009811e+01,-5.129212500000009811e+01,-5.490150000000009811e+01,-5.672962500000009811e+01,-6.016712500000009811e+01,-6.257337500000009811e+01,-6.515150000000009811e+01,-6.844837500000009811e+01,-6.977650000000009811e+01,-7.005775000000009811e+01,-7.102650000000009811e+01,-7.168275000000009811e+01,-7.019837500000009811e+01,-6.919837500000009811e+01,-6.685462500000009811e+01,-6.285462500000009811e+01,-6.044837500000009811e+01,-5.869837500000009811e+01,-5.668275000000009811e+01,-5.468275000000009811e+01,-5.183900000000009811e+01,-4.796400000000009811e+01,-4.546400000000008390e+01,-4.404212500000008390e+01,-4.052650000000008390e+01,-3.635462500000007680e+01,-3.062025000000007680e+01,-2.435462500000006969e+01,-1.960462500000006969e+01,-1.396400000000006258e+01,-7.057750000000059920e+00,1.379749999999944743e+00,8.645374999999949850e+00,1.586412499999995340e+01,2.156724999999995873e+01,2.755162499999996228e+01,3.436412499999996584e+01,4.064537499999997294e+01,4.731724999999998005e+01,5.322349999999998715e+01,6.003599999999998715e+01,6.787974999999998715e+01,7.639537499999998715e+01,8.450475000000000136e+01,9.355162500000001558e+01,1.018953750000000298e+02,1.095516250000000298e+02,1.157078750000000298e+02,1.203172500000000298e+02,1.227860000000000298e+02,1.252235000000000298e+02,1.273328750000000298e+02,1.270047500000000298e+02,1.259266250000000298e+02,1.230203750000000298e+02,1.211297500000000298e+02,1.190360000000000298e+02,1.173016250000000298e+02,1.137547500000000298e+02,1.076610000000000298e+02,1.010516250000000298e+02,9.405162500000002979e+01,8.734850000000000136e+01,7.823912500000000136e+01,6.862974999999998715e+01,5.728599999999998715e+01,4.603599999999997294e+01,3.617662499999996584e+01,2.680162499999995873e+01,1.655162499999995518e+01,7.145374999999948962e+00,-6.358750000000550351e-01,-8.385875000000059032e+00,-1.340150000000006258e+01,-1.857337500000006614e+01,-2.254212500000006969e+01,-2.615150000000007324e+01
1.875000000000002220e-01,-2.968750000000001776e+00,-2.843750000000001776e+00,1.281250000000000666e+00,-2.265625000000001332e+00,1.718750000000000000e-01,1.718750000000000000e-01,-4.484375000000002665e+00,-1.015625000000000666e+00,-3.406250000000001776e+00,-5.625000000000003553e+00,-1.921875000000001332e+00,-4.406250000000002665e+00,-3.281250000000000000e-01,3.437500000000002665e+00,5.937500000000005551e-01,2.843750000000001776e+00,-1.546875000000000888e+00,-4.000000000000002665e+00,-2.140625000000001332e+00,-5.187500000000003553e+00,-4.484375000000003553e+00,-4.484375000000003553e+00,-6.093750000000003553e+00,-2.953125000000001776e+00,1.406250000000004996e-01,2.656250000000002776e-01,2.390625000000000888e+00,1.375000000000000444e+00,-8.437500000000008882e-01,1.968750000000001776e+00,3.328125000000002665e+00,4.625000000000003553e+00,6.781250000000005329e+00,3.625000000000002665e+00,-8.750000000000002220e-01,-2.125000000000000888e+00,-5.203125000000003553e+00,-2.640625000000001776e+00,5.937499999999998890e-01,-8.437500000000009992e-01,1.796875000000000888e+00,1.062500000000000444e+00,3.468750000000002220e+00,7.828125000000005329e+00,8.078125000000005329e+00,6.437500000000003553e+00,-4.218750000000008882e-01,-3.890625000000002665e+00,-6.250000000000003553e+00,-4.750000000000002665e+00,1.296875000000000666e+00,1.125000000000000444e+00,2.703125000000000888e+00,3.078125000000001332e+00,1.000000000000000666e+00,2.828125000000001776e+00,1.625000000000001110e+00,-4.062500000000002220e-01,-1.562500000000001110e+00,-1.062500000000000888e+00,1.640625000000000888e+00,5.156250000000003553e+00,7.203125000000005329e+00,3.984375000000003553e+00,1.296875000000001332e+00,-2.046875000000001332e+00,-2.359375000000001332e+00,1.421875000000000888e+00,2.359375000000001776e+00,3.562500000000002220e+00,1.234375000000000666e+00,-3.062500000000001776e+00,-5.593750000000003553e+00,-7.656250000000005329e+00,-8.125000000000005329e+00,-7.781250000000005329e+00,-5.015625000000003553e+00,-2.718750000000001776e+00,1.453125000000000444e+00,8.218750000000003553e+00,9.906250000000005329e+00,1.114062500000000711e+01,9.515625000000005329e+00,2.078125000000000888e+00,-7.968750000000003331e-01,-2.125000000000000888e+00,-2.625000000000001332e+00,5.000000000000004441e-01,1.546875000000001110e+00,-3.125000000000022204e-02,-1.500000000000000888e+00,-1.875000000000001332e+00,-4.687500000000003553e+00,-3.093750000000001776e+00,2.656250000000002776e-01,1.406250000000001110e+00,9.687500000000005329e+00,1.192187500000000711e+01,1.062500000000000711e+01,9.937500000000007105e+00,6.718750000000008882e-01,-3.484375000000002220e+00,-3.859375000000002220e+00,-5.265625000000003553e+00,-9.218750000000008882e-01,1.515625000000000666e+00,-1.312500000000001776e+00,-2.328125000000002665e+00,-5.703125000000003553e+00,-1.092187500000000711e+01,-8.671875000000005329e+00,-5.656250000000003553e+00,-2.109375000000000888e+00,6.328125000000004441e+00,7.546875000000005329e+00,2.531250000000001332e+00,-2.593750000000002220e+00,-1.526562500000001066e+01,-2.568750000000001776e+01,-2.546875000000001776e+01,-2.270312500000001421e+01,-9.953125000000005329e+00,8.421875000000003553e+00,1.735937500000001066e+01,2.128125000000001421e+01,1.657812500000001066e+01,5.609375000000003553e+00,1.453125000000001110e+00,3.421875000000001776e+00,1.150000000000000711e+01,2.025000000000001066e+01,2.268750000000001421e+01,1.781250000000001066e+01,7.171875000000005329e+00,-4.609375000000001776e+00,-1.326562500000000711e+01,-1.629687500000001066e+01,-1.685937500000001066e+01,-1.321875000000000711e+01,-7.796875000000005329e+00,-4.781250000000003553e+00,-6.406250000000002220e-01,2.000000000000001332e+00,1.593750000000001110e+00,4.109375000000002665e+00,7.375000000000005329e+00,6.437500000000003553e+00,6.421875000000003553e+00,1.406250000000001332e+00,-7.359375000000005329e+00,-7.921875000000005329e+00,-9.125000000000007105e+00,-7.984375000000007105e+00,-2.625000000000002220e+00,-5.218750000000003553e+00,-6.140625000000003553e+00,-4.406250000000001776e+00,-7.656250000000003553e+00,-8.468750000000005329e+00,-8.671875000000005329e+00,-1.209375000000000711e+01,-9.312500000000005329e+00,-4.875000000000002665e+00,-1.890625000000001110e+00,-2.656250000000011102e-01,-4.375000000000003553e+00,-7.093750000000006217e+00,-1.506250000000000888e+01,-1.717187500000000711e+01,-1.598437500000000711e+01,-1.789062500000000711e+01,-5.718750000000003553e+00,4.140625000000002665e+00,1.696875000000001066e+01,3.132812500000001776e+01,3.312500000000002132e+01,3.151562500000002132e+01,2.323437500000001421e+01,1.317187500000000711e+01,6.562500000000003553e+00,2.109375000000001776e+00,5.781250000000004441e-01,1.875000000000001665e-01,1.562500000000001388e-01,1.406250000000001110e-01,2.500000000000001665e-01,3.125000000000002220e-01,3.593750000000002220e-01,4.062500000000003331e-01,2.187500000000001943e-01,1.562500000000001735e-02,-1.718750000000001388e-01,-2.968750000000002220e-01,-2.187500000000001665e-01,-1.093750000000000971e-01,-6.938893903907228378e-18,-6.938893903907228378e-18,-4.687500000000004163e-02,-7.812500000000005551e-02,-1.093750000000000833e-01,-4.687500000000002776e-02,-3.125000000000001388e-02,1.562500000000002082e-02,4.687500000000003469e-02,4.687500000000002776e-02,1.093750000000000833e-01,1.562500000000000694e-02,-1.562500000000000694e-02,-1.562500000000000694e-02,-6.250000000000004163e-02,1.406250000000000833e-01,2.343750000000001388e-01,2.500000000000001110e-01,2.812500000000001665e-01,1.387778780781445676e-17,-1.562500000000001110e-01,-2.500000000000001665e-01,-3.281250000000002220e-01,-9.375000000000005551e-02,3.125000000000003469e-02,1.562500000000001110e-01,2.187500000000001665e-01,9.375000000000005551e-02,1.562500000000001041e-02,-1.093750000000000833e-01,-1.718750000000001110e-01,-1.875000000000001388e-01,-1.718750000000001110e-01,-1.250000000000001110e-01,-1.387778780781445676e-17,1.250000000000000833e-01,2.031250000000001110e-01,3.125000000000002220e-01,1.718750000000001388e-01,1.562500000000001735e-02,-1.093750000000000694e-01,-2.812500000000002220e-01,-1.562500000000001110e-01,6.250000000000005551e-02,2.343750000000001665e-01,4.062500000000003331e-01,3.593750000000002776e-01,1.093750000000000833e-01,-9.375000000000004163e-02,-2.187500000000001110e-01,-2.656250000000001665e-01,-1.093750000000000694e-01,1.562500000000001041e-02,-6.938893903907229918e-18,0.000000000000000000e+00,-9.375000000000008327e-02,-1.250000000000001110e-01,-4.687500000000004163e-02,-6.938893903907228378e-18,6.250000000000004163e-02,4.687500000000003469e-02,1.562500000000001041e-02,4.687500000000004163e-02,7.812500000000006939e-02,1.406250000000001110e-01,1.718750000000001665e-01,1.875000000000001665e-01,3.281250000000002776e-01,1.296875000000000888e+00,3.484375000000001776e+00,7.218750000000003553e+00,1.132812500000000711e+01,1.298437500000001066e+01,1.125000000000000711e+01,5.281250000000003553e+00,-7.812499999999966693e-02,-3.281249999999997224e-01,3.421875000000003997e+00,1.084375000000000888e+01,1.387500000000001066e+01,8.062500000000007105e+00,3.124999999999991118e-01,-7.437500000000006217e+00,-1.134375000000000711e+01,-5.375000000000002665e+00,7.812499999999956979e-02,2.031250000000001332e+00,3.921875000000002220e+00,-7.187500000000000000e-01,-4.843750000000001776e+00,-2.765625000000000888e+00,4.406250000000002665e+00,1.225000000000000711e+01,1.821875000000000711e+01,1.665625000000000711e+01,-1.265625000000000888e+00,-1.362500000000000888e+01,-1.829687500000001066e+01,-1.818750000000001066e+01,1.031250000000000000e+00,9.640625000000007105e+00,4.562500000000002665e+00,-3.437500000000000000e-01,-1.428125000000000888e+01,-1.573437500000001066e+01,-1.203125000000000888e+00,1.357812500000000711e+01,2.326562500000001421e+01,2.403125000000001776e+01,9.375000000000005329e+00,-1.221875000000000533e+01,-2.307812500000001421e+01,-3.159375000000002132e+01,-2.646875000000001421e+01,-1.065625000000000711e+01,-1.203125000000001554e+00,9.875000000000007105e+00,1.268750000000000711e+01,9.921875000000005329e+00,7.218750000000004441e+00,3.562500000000002665e+00,5.000000000000002220e-01,-4.531250000000003553e+00,-3.578125000000003109e+00,-3.984375000000003109e+00,-6.406250000000008882e-01,5.781250000000003553e+00,1.312500000000000666e+00,-6.875000000000009992e-01,-7.171875000000005329e+00,-1.337500000000001066e+01,-8.484375000000005329e+00,-5.921875000000003553e+00,-3.906250000000008882e-01,4.234375000000002665e+00,2.078125000000001776e+00,1.140625000000000666e+00,-2.656250000000002220e-01,-2.671875000000001776e+00,-3.296875000000002220e+00,-3.796875000000002220e+00,-4.546875000000002665e+00,-3.687500000000002220e+00,-2.234375000000001776e+00,-1.093750000000000888e+00,-4.687500000000005551e-02,2.656250000000001665e-01,1.250000000000000833e-01,-4.687500000000004163e-02,-1.562500000000001110e-01,-2.187500000000001665e-01,-2.343750000000001665e-01,-2.031250000000001665e-01,-1.875000000000001388e-01,-4.687500000000003469e-02,6.250000000000004163e-02,1.562500000000001110e-01,-6.250000000000005551e-02,-7.031250000000004441e-01,-1.390625000000000888e+00,-2.078125000000001332e+00,-1.593750000000000888e+00,-3.437500000000002220e-01,8.125000000000005551e-01,6.406250000000004441e-01,-1.437500000000001110e+00,-4.562500000000003553e+00,-8.250000000000005329e+00,-7.390625000000005329e+00,-4.640625000000003553e+00,-6.093750000000006661e-01,4.687500000000003553e+00,2.562500000000001776e+00,-1.500000000000001332e+00,-6.843750000000005329e+00,-1.076562500000000711e+01,-6.328125000000004441e+00,7.812500000000066613e-02,9.000000000000007105e+00,1.385937500000001066e+01,1.312500000000001066e+01,1.162500000000000711e+01,4.375000000000002665e+00,-7.343750000000002220e-01,-5.687500000000002665e+00,-1.192187500000000711e+01,-1.048437500000000711e+01,-9.062500000000005329e+00,-5.515625000000002665e+00,2.328125000000001776e+00,5.609375000000003553e+00,1.135937500000000711e+01,1.650000000000001066e+01,1.339062500000000711e+01,8.671875000000003553e+00,-4.328125000000003553e+00,-1.817187500000001066e+01,-2.239062500000001421e+01,-2.459375000000001421e+01,-1.528125000000000888e+01,-4.734375000000003553e+00,5.312500000000004441e-01,1.337500000000000711e+01,1.804687500000001066e+01,2.129687500000001776e+01,2.473437500000001776e+01,1.203125000000000888e+01,1.578125000000001332e+00,-6.531250000000005329e+00,-1.665625000000001066e+01,-1.353125000000000711e+01,-8.828125000000007105e+00,-6.609375000000004441e+00,3.578125000000001776e+00,9.156250000000005329e+00,1.068750000000000711e+01,1.356250000000000888e+01,6.765625000000004441e+00,-2.375000000000001332e+00,-6.921875000000003553e+00,-1.403125000000000711e+01,-1.557812500000001066e+01,-1.060937500000000711e+01,-6.812500000000004441e+00,6.875000000000004441e-01,7.828125000000005329e+00,8.062500000000005329e+00,5.406250000000003553e+00,3.015625000000001776e+00,-2.500000000000002220e+00,-4.062500000000002665e+00,-1.937500000000001332e+00,-2.687500000000001776e+00,1.765625000000001110e+00,7.750000000000004441e+00,1.128125000000000711e+01,1.453125000000000888e+01,1.212500000000000711e+01,1.968750000000001332e+00,-6.296875000000003553e+00,-1.301562500000000711e+01,-1.492187500000000888e+01,-6.953125000000004441e+00,-9.062500000000011102e-01,4.968750000000002665e+00,7.437500000000004441e+00,3.421875000000002665e+00,-8.125000000000002220e-01,-2.875000000000001776e+00,-3.937500000000001776e+00,-4.031250000000001776e+00,-8.281250000000002220e-01,-2.265625000000001332e+00,-1.296875000000000666e+00,2.984375000000002220e+00,5.750000000000003553e+00,1.107812500000000711e+01,1.145312500000000711e+01,6.921875000000003553e+00,-2.328125000000001332e+00,-9.750000000000007105e+00,-1.348437500000000888e+01,-1.192187500000000711e+01,-1.406250000000000444e+00,4.812500000000003553e+00,1.306250000000000888e+01,1.329687500000000888e+01,3.906250000000002665e+00,-1.562500000000000222e+00,-1.375000000000000888e+01,-1.525000000000001066e+01,-7.593750000000005329e+00,-2.437500000000002665e+00,7.406250000000005329e+00,1.125000000000000711e+01,7.953125000000005329e+00,7.281250000000005329e+00,8.343750000000005329e+00,6.281250000000004441e+00,8.281250000000007105e+00,5.296875000000003553e+00,-4.343750000000003553e+00,-8.156250000000007105e+00,-1.523437500000000888e+01,-1.673437500000001066e+01,-1.042187500000000711e+01,-4.781250000000002665e+00,4.875000000000002665e+00,1.276562500000000711e+01,1.253125000000000711e+01,7.625000000000003553e+00,-1.390625000000001776e+00,-1.201562500000000888e+01,-1.401562500000001066e+01,-1.051562500000000711e+01,-2.578125000000001332e+00,5.468750000000003553e+00,6.515625000000005329e+00,3.531250000000003553e+00,-2.734375000000000888e+00,-4.812500000000002665e+00,-2.812499999999995559e-01,7.718750000000006217e+00,1.381250000000001066e+01,1.409375000000001066e+01,5.953125000000005329e+00,-5.734375000000003553e+00,-9.875000000000007105e+00,-1.160937500000000711e+01,-8.265625000000005329e+00,-7.500000000000001110e-01,-1.562499999999998890e-01,2.500000000000002220e+00,7.859375000000005329e+00,8.328125000000005329e+00,9.250000000000005329e+00,4.937500000000002665e+00,-5.781250000000003553e+00,-1.275000000000000888e+01,-1.540625000000001066e+01,-1.131250000000000711e+01,-3.750000000000004441e-01,9.953125000000007105e+00,1.440625000000001066e+01,1.601562500000001066e+01,9.312500000000005329e+00,-1.562500000000088818e-02,-1.828125000000001776e+00,-9.406250000000007105e+00,-7.843750000000005329e+00,-3.234375000000001776e+00,-5.921875000000003553e+00,2.843750000000001332e+00,3.421875000000001776e+00,2.156250000000001776e+00,3.296875000000002220e+00,-4.468750000000002665e+00,-6.718750000000004441e+00,-6.359375000000004441e+00,-2.218750000000001776e+00,3.703125000000002665e+00,7.046875000000005329e+00,6.671875000000004441e+00,1.671875000000001110e+00,-1.718750000000000888e+00,-4.265625000000002665e+00,-3.015625000000001776e+00,7.187500000000006661e-01,5.156250000000003553e+00,1.095312500000000711e+01,1.350000000000001066e+01,1.053125000000000711e+01,2.468750000000001776e+00,-6.687500000000002665e+00,-1.385937500000000711e+01,-1.050000000000000711e+01,6.093750000000008882e-01,8.406250000000005329e+00,1.360937500000000711e+01,1.009375000000000711e+01,1.375000000000000666e+00,-2.765625000000001776e+00,-1.609375000000000444e+00,1.796875000000001998e+00,5.562500000000004441e+00,9.765625000000007105e+00,8.468750000000005329e+00,7.968750000000003553e+00,1.006250000000000533e+01,7.093750000000004441e+00,6.906250000000005329e+00,6.953125000000006217e+00,1.390625000000002220e+00,4.531250000000002220e-01,-2.265625000000002665e+00,-7.593750000000007105e+00,-7.109375000000006217e+00,-1.234375000000000711e+01,-1.889062500000001066e+01,-2.273437500000001421e+01,-2.959375000000002132e+01,-2.854687500000002132e+01,-2.084375000000001421e+01,-1.484375000000000888e+01,-5.109375000000003553e+00,3.703125000000002665e+00,1.115625000000000711e+01,2.821875000000001421e+01,4.195312500000002842e+01,4.804687500000002842e+01,4.379687500000002842e+01,1.684375000000001066e+01,-1.532812500000000888e+01,-4.318750000000002842e+01,-6.056250000000004263e+01,-5.589062500000004263e+01,-4.017187500000002842e+01,-2.284375000000001776e+01,-8.125000000000007105e+00,-7.656250000000011102e-01,4.843750000000001665e-01,4.062500000000001665e-01,-1.406250000000000555e-01,-3.953125000000001776e+00,-5.890625000000002665e+00,-4.171875000000001776e+00,-7.812500000000000000e-01,7.500000000000004441e+00,1.434375000000000888e+01,1.542187500000001066e+01,1.312500000000000711e+01,7.906250000000004441e+00,2.796875000000001776e+00,-9.687500000000003331e-01,-2.281250000000000888e+00,-2.031250000000000888e+00,1.031250000000000888e+00,6.546875000000003553e+00,1.345312500000000711e+01,1.843750000000001066e+01,1.709375000000001066e+01,1.523437500000001066e+01,8.718750000000005329e+00,6.046875000000003553e+00,9.703125000000005329e+00,9.343750000000007105e+00,1.312500000000000888e+01,9.437500000000007105e+00,3.390625000000003109e+00,3.156250000000002220e+00,7.031249999999998890e-01,7.546875000000005329e+00,1.140625000000000711e+01,1.129687500000000711e+01,1.076562500000000711e+01,2.156250000000001776e+00,-5.937500000000000000e-01,-4.281250000000003553e+00,-5.953125000000003553e+00,-4.078125000000003553e+00,-9.046875000000007105e+00,-1.003125000000000711e+01,-1.304687500000000711e+01,-1.639062500000001066e+01,-1.221875000000000711e+01,-9.781250000000005329e+00,-5.671875000000002665e+00,4.375000000000007772e-01,8.593750000000008882e-01,-5.000000000000002220e-01,-1.187500000000000666e+00,-2.500000000000001776e+00,-1.812500000000001554e+00,3.328125000000002665e+00,5.250000000000003553e+00,1.703125000000001110e+00,-2.656250000000004996e-01,-8.562500000000005329e+00,-1.176562500000000711e+01,-6.671875000000004441e+00,-5.203125000000003553e+00,3.531250000000002220e+00,4.656250000000002665e+00,3.125000000000044409e-02,-1.453125000000000222e+00,-1.064062500000000711e+01,-1.096875000000000711e+01,-8.703125000000003553e+00,-7.765625000000004441e+00,1.687500000000000888e+00,3.578125000000002665e+00,5.093750000000002665e+00,8.281250000000005329e+00,4.515625000000003553e+00,6.671875000000003553e+00,7.140625000000004441e+00,6.156250000000004441e+00,5.906250000000003553e+00,1.984375000000001332e+00,1.609375000000000888e+00,-1.171875000000000888e+00,7.656250000000008882e-01,3.515625000000002665e+00,1.703125000000001332e+00,3.468750000000002220e+00,1.515625000000000888e+00,-7.187500000000003331e-01,-1.718750000000001388e-01,2.187500000000001943e-01,-7.500000000000003331e-01,-1.093750000000000666e+00,-2.000000000000001332e+00,-5.968750000000004441e+00,-4.671875000000003553e+00,-2.593750000000002220e+00,4.374999999999995559e-01,6.921875000000003553e+00,6.718750000000003553e+00,5.296875000000003553e+00,1.562500000000001554e+00,-2.640625000000001776e+00,-1.875000000000001332e+00,-3.562500000000002220e+00,-1.656250000000001110e+00,-2.703125000000001776e+00,-4.437500000000003553e+00,3.125000000000002220e-01,-2.812500000000000000e-01,2.578125000000001776e+00,2.890625000000001776e+00,-3.250000000000002665e+00,-2.281250000000001776e+00,-3.156250000000002665e+00,-1.859375000000001998e+00,4.750000000000003553e+00,5.500000000000003553e+00,6.328125000000003553e+00,9.187500000000007105e+00,6.484375000000004441e+00,4.765625000000003553e+00,3.265625000000002220e+00,-4.921875000000002665e+00,-7.734375000000003553e+00,-9.468750000000005329e+00,-9.234375000000005329e+00,-2.562500000000001332e+00,-5.000000000000003331e-01,2.265625000000001332e+00,-3.124999999999995559e-01,-3.750000000000001776e+00,-4.750000000000002665e+00,-4.937500000000002665e+00,1.093750000000001110e+00,2.468750000000002220e+00,6.359375000000003553e+00,5.406250000000003553e+00,2.062500000000000888e+00,4.171875000000002665e+00,6.406250000000005551e-01,2.531250000000001776e+00,3.390625000000002220e+00,2.156250000000001332e+00,4.437500000000002665e+00,3.484375000000002665e+00,1.734375000000001332e+00,-1.031250000000000444e+00,-5.562500000000004441e+00,-7.718750000000006217e+00,-6.750000000000005329e+00,-4.765625000000003553e+00,1.078125000000000444e+00,2.640625000000001776e+00,2.046875000000001332e+00,2.421875000000001332e+00,-1.437500000000001110e+00,1.171875000000000000e+00,3.343750000000001332e+00,3.234375000000001332e+00,4.046875000000001776e+00,-2.312500000000001776e+00,-5.734375000000003553e+00,-8.343750000000005329e+00,-9.796875000000007105e+00,-4.796875000000003553e+00,-1.203125000000000666e+00,4.859375000000002665e+00,8.859375000000005329e+00,1.064062500000000711e+01,9.218750000000005329e+00,3.687500000000001776e+00,2.890625000000001332e+00,-2.203125000000001776e+00,-3.562500000000002220e+00,-2.453125000000000888e+00,-7.750000000000003553e+00,-5.625000000000003553e+00,-5.265625000000003553e+00,-3.375000000000001776e+00,3.406250000000001776e+00,4.359375000000002665e+00,7.875000000000003553e+00,7.078125000000003553e+00,3.250000000000001776e+00,9.375000000000006661e-01,-5.125000000000002665e+00,-8.328125000000005329e+00,-9.187500000000007105e+00,-7.109375000000005329e+00,-1.781250000000001332e+00,3.140625000000001776e+00,7.125000000000004441e+00,6.234375000000003553e+00,2.890625000000001776e+00,-2.343750000000000000e-01,-4.562500000000002665e+00,-3.812500000000002665e+00,-1.921875000000001110e+00,-1.312500000000000666e+00,4.375000000000001110e-01,-2.765625000000001776e+00,-4.968750000000003553e+00,-4.375000000000002665e+00,-3.328125000000001776e+00,1.562500000000000666e+00,3.843750000000002220e+00,2.609375000000001776e+00,2.968749999999997780e-01,-3.203125000000002220e+00,-4.406250000000002665e+00,-3.140625000000001776e+00,-7.812500000000004441e-01,-2.343750000000002776e-01,-9.375000000000011102e-02,2.343750000000001943e-01,2.656250000000002220e-01,3.109375000000001776e+00,4.203125000000001776e+00,2.390625000000001332e+00,-1.296875000000000888e+00,-6.437500000000003553e+00,-8.734375000000005329e+00,-9.031250000000005329e+00,-4.531250000000002665e+00,-7.031250000000008882e-01,2.250000000000000888e+00,7.265625000000004441e+00,6.625000000000003553e+00,8.343750000000005329e+00,8.734375000000005329e+00,5.906250000000003553e+00,4.984375000000003553e+00,1.140625000000000888e+00,-4.031250000000003553e+00,-9.156250000000007105e+00,-1.042187500000000711e+01,-8.578125000000005329e+00,-1.406250000000000000e-01,1.076562500000000711e+01,1.360937500000001066e+01,1.232812500000000888e+01,1.312500000000000888e+00,-1.279687500000000888e+01,-1.720312500000001066e+01,-1.640625000000001066e+01,-6.781250000000004441e+00,8.234375000000007105e+00,1.620312500000001066e+01,2.057812500000001421e+01,2.159375000000001421e+01,1.481250000000000888e+01,8.859375000000007105e+00,1.437500000000000888e+00,-8.140625000000003553e+00,-1.214062500000000711e+01,-1.223437500000000711e+01,-6.109375000000002665e+00,2.109375000000001332e+00,8.062500000000005329e+00,1.057812500000000711e+01,7.859375000000003553e+00,1.006250000000000711e+01,1.998437500000001421e+01,3.128125000000002487e+01,4.198437500000002842e+01,3.504687500000002842e+01,4.343750000000005329e+00,-3.598437500000002842e+01,-8.085937500000005684e+01,-1.059375000000000853e+02,-9.971875000000007105e+01,-7.353125000000005684e+01,-3.067187500000002842e+01,5.656250000000000000e+00,2.106250000000001066e+01,2.298437500000001421e+01,1.659375000000001066e+01,1.290625000000001066e+01,2.204687500000001776e+01,3.710937500000002842e+01,4.556250000000002842e+01,4.976562500000004263e+01,4.589062500000002842e+01,3.396875000000002132e+01,2.737500000000002132e+01,1.628125000000001066e+01,5.281250000000003553e+00,2.343750000000000888e+00,-6.406250000000011102e-01,6.140625000000004441e+00,1.103125000000000711e+01,8.312500000000003553e+00,1.796875000000000888e+00,-1.345312500000000711e+01,-2.220312500000001421e+01,-2.706250000000001776e+01,-2.843750000000002132e+01,-2.307812500000001776e+01,-2.145312500000001421e+01,-1.700000000000001066e+01,-1.001562500000000711e+01,-6.671875000000004441e+00,-2.687500000000001776e+00,-1.890625000000001110e+00,-7.437500000000003553e+00,-1.178125000000000711e+01,-1.595312500000001066e+01,-1.850000000000001066e+01,-1.156250000000000711e+01,-1.890625000000001554e+00,1.054687500000000711e+01,2.307812500000001421e+01,2.434375000000001776e+01,2.134375000000001421e+01,1.178125000000000711e+01,-1.437500000000000222e+00,-5.968750000000003553e+00,-9.906250000000007105e+00,-7.640625000000005329e+00,1.375000000000000666e+00,5.421875000000003553e+00,1.257812500000000711e+01,1.595312500000001066e+01,1.104687500000000711e+01,7.750000000000005329e+00,3.750000000000013323e-01,-5.578125000000002665e+00,-6.281250000000003553e+00,-5.515625000000003553e+00,-2.421875000000001776e+00,1.250000000000001110e-01,2.703125000000001776e+00,1.828125000000001110e+00,-1.562500000000011102e-02,2.500000000000000555e-01,-1.265625000000000666e+00,-1.875000000000000888e+00,-1.343750000000000666e+00,-5.000000000000002665e+00,-8.656250000000005329e+00,-7.265625000000005329e+00,-5.640625000000003553e+00,-2.968750000000004441e-01,6.515625000000003553e+00,6.234375000000003553e+00,2.984375000000001776e+00,-4.062500000000000000e-01,-3.718750000000001776e+00,-4.062500000000002665e+00,-5.625000000000004441e-01,6.250000000000011102e-02,-1.546875000000000888e+00,-8.125000000000004441e-01,-2.734375000000001332e+00,-3.343750000000001776e+00,-2.234375000000001332e+00,-3.921875000000001776e+00,-4.750000000000002665e+00,-2.093750000000000888e+00,-3.124999999999980571e-02,1.328125000000001110e+00,4.796875000000003553e+00,2.468750000000001776e+00,1.859375000000000666e+00,3.796875000000001776e+00,2.031249999999997780e-01,3.125000000000000000e-02,-3.187500000000001776e+00,-8.875000000000005329e+00,-7.656250000000004441e+00,-5.859375000000003553e+00,-1.093750000000000444e+00,6.109375000000004441e+00,8.328125000000005329e+00,7.609375000000005329e+00,5.453125000000003553e+00,3.406250000000001776e+00,4.125000000000002665e+00,8.125000000000003553e+00,9.765625000000005329e+00,7.156250000000004441e+00,1.171875000000000444e+00,-5.984375000000003553e+00,-7.156250000000005329e+00,-3.062500000000002665e+00,5.296875000000002665e+00,1.090625000000000711e+01,1.181250000000000711e+01,8.984375000000007105e+00,2.859375000000001332e+00,1.312500000000000666e+00,-5.156250000000004441e-01,-4.687500000000004441e-01,2.500000000000001776e+00,1.375000000000001110e+00,1.859375000000001332e+00,1.359375000000001110e+00,-3.890625000000002665e+00,-6.484375000000005329e+00,-8.453125000000005329e+00,-8.890625000000007105e+00,-5.500000000000003553e+00,-1.578125000000000888e+00,1.406250000000001665e-01,-1.000000000000000666e+00
5.000000000000001776e+00,-8.562500000000003553e+00,-6.437500000000002665e+00,4.062500000000001776e+00,2.562500000000001332e+00,6.312500000000001776e+00,-1.187500000000001776e+00,-1.418750000000000711e+01,1.062500000000000000e+00,1.187500000000000533e+01,-2.500000000000000000e-01,-9.625000000000003553e+00,-7.250000000000002665e+00,4.062500000000000888e+00,4.937500000000001776e+00,5.000000000000003331e-01,6.062500000000001776e+00,-1.062500000000000888e+00,-1.087500000000000355e+01,-3.000000000000000888e+00,6.000000000000002665e+00,6.125000000000002665e+00,-3.937500000000001776e+00,-1.131250000000000355e+01,-3.562500000000001332e+00,3.625000000000000888e+00,6.812500000000003553e+00,7.500000000000003553e+00,-7.937500000000001776e+00,-1.206250000000000355e+01,1.012500000000000355e+01,9.625000000000003553e+00,-1.106250000000000355e+01,-3.125000000000000888e+00,1.631250000000000711e+01,8.812500000000003553e+00,-1.293750000000000711e+01,-1.581250000000000711e+01,2.500000000000001776e+00,9.750000000000003553e+00,4.937500000000001776e+00,2.937500000000001332e+00,-9.875000000000003553e+00,-1.343750000000000533e+01,9.437500000000005329e+00,2.012500000000001066e+01,3.500000000000001776e+00,-7.500000000000003553e+00,-4.750000000000002665e+00,-7.625000000000003553e+00,-4.125000000000001776e+00,6.750000000000002665e+00,6.000000000000001776e+00,3.625000000000001332e+00,-2.750000000000000888e+00,-1.181250000000000533e+01,7.500000000000000000e-01,1.693750000000000711e+01,5.937500000000001776e+00,-1.412500000000000533e+01,-1.193750000000000355e+01,5.000000000000002665e+00,1.025000000000000533e+01,2.562500000000000888e+00,1.875000000000000666e+00,5.875000000000002665e+00,-6.562500000000001776e+00,-1.593750000000000711e+01,1.875000000000000000e+00,1.843750000000000711e+01,5.937500000000003553e+00,-1.362500000000000711e+01,-4.937500000000003553e+00,1.118750000000000533e+01,-2.562500000000000000e+00,-1.587500000000000711e+01,2.000000000000000000e+00,1.006250000000000355e+01,-9.437500000000005329e+00,-8.625000000000003553e+00,9.812500000000003553e+00,6.375000000000003553e+00,1.062500000000000888e+00,7.687500000000003553e+00,5.500000000000001776e+00,-4.937500000000001776e+00,-1.362500000000000533e+01,-5.187500000000001776e+00,1.575000000000000888e+01,1.006250000000000711e+01,-1.281250000000000711e+01,-7.562500000000004441e+00,7.750000000000003553e+00,1.750000000000001332e+00,-3.625000000000001776e+00,-2.687500000000001332e+00,-4.000000000000001776e+00,1.687500000000000888e+00,7.187500000000003553e+00,1.100000000000000533e+01,7.625000000000003553e+00,-6.375000000000003553e+00,-6.312500000000003553e+00,-2.062500000000000888e+00,-5.500000000000002665e+00,3.500000000000000888e+00,8.250000000000003553e+00,-2.562500000000000000e+00,-3.437500000000000000e+00,1.875000000000003331e-01,-1.375000000000000888e+00,-2.562500000000001776e+00,-1.068750000000000355e+01,-6.937500000000002665e+00,1.281250000000000711e+01,1.025000000000000533e+01,-8.125000000000002220e-01,2.250000000000000888e+00,-4.187500000000002665e+00,-1.000000000000000533e+01,-8.812500000000003553e+00,-1.793750000000001066e+01,-1.025000000000000533e+01,9.750000000000005329e+00,9.562500000000005329e+00,1.556250000000000711e+01,2.287500000000001421e+01,-5.312500000000001776e+00,-2.962500000000001421e+01,-8.062500000000003553e+00,1.956250000000001066e+01,1.456250000000000711e+01,4.250000000000001776e+00,9.500000000000005329e+00,7.250000000000003553e+00,-6.812500000000003553e+00,-1.237500000000000711e+01,-8.687500000000003553e+00,-1.875000000000001332e+00,4.625000000000001776e+00,-4.562500000000001776e+00,-1.381250000000000711e+01,4.312500000000000000e+00,1.618750000000000711e+01,-1.187500000000000888e+00,-1.081250000000000533e+01,-3.562500000000001776e+00,4.750000000000002665e+00,1.506250000000000711e+01,1.137500000000000355e+01,-8.937500000000003553e+00,-2.118750000000000711e+01,-1.350000000000000711e+01,1.393750000000000711e+01,2.150000000000001066e+01,-1.056250000000000355e+01,-2.081250000000001066e+01,6.250000000000000000e-02,6.687500000000003553e+00,7.687500000000003553e+00,1.062500000000000000e+00,-2.043750000000001066e+01,-1.325000000000000533e+01,1.206250000000000711e+01,6.000000000000003553e+00,-4.812500000000002665e+00,7.312500000000002665e+00,1.437500000000000888e+00,-2.087500000000001066e+01,-5.750000000000003553e+00,1.137500000000000711e+01,-6.812500000000002665e+00,-1.575000000000000711e+01,-7.875000000000003553e+00,7.000000000000003553e+00,2.237500000000001066e+01,1.900000000000001066e+01,7.312500000000003553e+00,1.500000000000000888e+00,1.250000000000000833e-01,2.500000000000001665e-01,6.250000000000005551e-02,-6.250000000000002776e-02,6.250000000000002776e-02,0.000000000000000000e+00,0.000000000000000000e+00,1.875000000000000833e-01,0.000000000000000000e+00,-1.250000000000000555e-01,2.500000000000001110e-01,4.375000000000002220e-01,1.875000000000001110e-01,-3.125000000000001665e-01,-6.250000000000003331e-01,-1.875000000000001110e-01,4.375000000000002220e-01,3.125000000000001665e-01,-1.875000000000001110e-01,-1.875000000000001110e-01,0.000000000000000000e+00,-6.250000000000002776e-02,0.000000000000000000e+00,1.250000000000000555e-01,0.000000000000000000e+00,-1.250000000000000555e-01,0.000000000000000000e+00,6.250000000000002776e-02,6.250000000000002776e-02,2.500000000000001110e-01,-6.250000000000000000e-02,-5.625000000000002220e-01,-6.250000000000005551e-02,5.625000000000002220e-01,3.125000000000001665e-01,-1.875000000000001110e-01,-1.250000000000000833e-01,3.125000000000001110e-01,-6.250000000000005551e-02,-6.875000000000004441e-01,-1.875000000000001110e-01,4.375000000000002220e-01,3.125000000000001110e-01,0.000000000000000000e+00,-1.250000000000000555e-01,-6.250000000000002776e-02,6.250000000000002776e-02,6.250000000000002776e-02,-1.875000000000001110e-01,-2.500000000000001110e-01,1.250000000000000833e-01,1.875000000000001110e-01,-2.500000000000001110e-01,-1.250000000000000555e-01,4.375000000000002220e-01,3.125000000000001665e-01,-6.250000000000002776e-02,-1.875000000000000833e-01,-2.500000000000001110e-01,-1.250000000000000555e-01,-6.250000000000002776e-02,6.250000000000002776e-02,4.375000000000002220e-01,3.125000000000001665e-01,-6.250000000000004163e-02,-1.387778780781445676e-17,-2.500000000000001110e-01,-5.625000000000002220e-01,1.250000000000001110e-01,5.625000000000003331e-01,-6.250000000000000000e-02,-2.500000000000001110e-01,1.250000000000000555e-01,-6.250000000000005551e-02,-3.750000000000002220e-01,6.250000000000000000e-02,5.000000000000002220e-01,6.250000000000000000e-02,-3.750000000000002220e-01,-1.250000000000000833e-01,1.250000000000000555e-01,1.250000000000000555e-01,1.875000000000000833e-01,1.250000000000000555e-01,-1.875000000000001110e-01,-2.500000000000001110e-01,1.875000000000000833e-01,6.250000000000003331e-01,8.125000000000004441e-01,3.562500000000001776e+00,1.012500000000000533e+01,1.175000000000000533e+01,-6.250000000000008882e-01,-1.868750000000001066e+01,-1.668750000000000711e+01,1.050000000000000533e+01,2.887500000000001421e+01,1.825000000000001066e+01,-9.312500000000003553e+00,-2.962500000000001421e+01,-1.312500000000000533e+01,1.793750000000000711e+01,1.081250000000000533e+01,-7.250000000000003553e+00,-1.500000000000000888e+00,1.250000000000000000e-01,3.250000000000000888e+00,9.000000000000003553e+00,-1.843750000000000711e+01,-2.856250000000001066e+01,3.006250000000001066e+01,5.593750000000002132e+01,-3.500000000000003553e+00,-3.950000000000001421e+01,-2.300000000000001066e+01,-5.750000000000003553e+00,6.125000000000002665e+00,1.031250000000000355e+01,2.425000000000000711e+01,2.256250000000000711e+01,-3.412500000000001421e+01,-5.106250000000002132e+01,7.750000000000003553e+00,3.200000000000001421e+01,1.350000000000000355e+01,1.487500000000000711e+01,6.937500000000004441e+00,-1.550000000000000711e+01,-1.256250000000000711e+01,-8.062500000000003553e+00,-1.562500000000000711e+01,-1.512500000000000711e+01,4.312500000000000888e+00,2.962500000000001421e+01,1.393750000000000888e+01,-2.262500000000000711e+01,-1.137500000000000533e+01,2.081250000000000711e+01,1.100000000000000711e+01,-1.118750000000000355e+01,-6.937500000000003553e+00,-5.000000000000001776e+00,-4.687500000000001776e+00,8.375000000000003553e+00,1.343750000000000711e+01,4.500000000000002665e+00,-1.143750000000000355e+01,-1.393750000000000533e+01,-3.937500000000001776e+00,-2.500000000000000888e+00,6.625000000000002665e+00,1.375000000000000533e+01,-4.500000000000001776e+00,-1.243750000000000533e+01,3.875000000000001776e+00,8.125000000000003553e+00,-2.750000000000000888e+00,-5.812500000000002665e+00,-1.937500000000000888e+00,-1.875000000000000833e-01,6.250000000000002776e-02,3.750000000000001665e-01,3.125000000000001110e-01,0.000000000000000000e+00,-6.250000000000002776e-02,-6.250000000000002776e-02,-1.250000000000000555e-01,0.000000000000000000e+00,6.250000000000002776e-02,-1.875000000000001110e-01,-1.875000000000001110e-01,1.250000000000000555e-01,0.000000000000000000e+00,-1.250000000000000555e-01,2.500000000000001110e-01,3.125000000000001110e-01,-6.250000000000002776e-02,-1.875000000000000833e-01,-1.312500000000000444e+00,-3.562500000000001332e+00,-9.375000000000004441e-01,5.937500000000001776e+00,5.250000000000001776e+00,-3.312500000000001332e+00,-6.812500000000003553e+00,-5.375000000000001776e+00,-4.937500000000001776e+00,2.937500000000000888e+00,7.562500000000002665e+00,-1.750000000000000888e+00,2.812500000000001776e+00,1.175000000000000711e+01,-1.131250000000000355e+01,-3.262500000000001421e+01,-2.937500000000001776e+00,3.668750000000001421e+01,1.775000000000000711e+01,-2.156250000000001066e+01,-1.062500000000000355e+01,2.087500000000001066e+01,1.450000000000000711e+01,-1.575000000000000711e+01,-1.581250000000000711e+01,4.812500000000001776e+00,-1.937500000000000888e+00,-9.437500000000003553e+00,7.562500000000002665e+00,9.062500000000003553e+00,-6.125000000000001776e+00,-5.187500000000001776e+00,1.200000000000000533e+01,2.175000000000000711e+01,5.875000000000000888e+00,-1.668750000000001066e+01,-2.500000000000001421e+01,-1.737500000000000711e+01,5.562500000000001776e+00,1.512500000000000711e+01,2.687500000000001332e+00,-9.625000000000005329e+00,-1.112500000000000533e+01,1.500000000000000533e+01,3.325000000000001421e+01,8.125000000000003553e+00,-1.037500000000000711e+01,-1.393750000000000711e+01,-1.725000000000000711e+01,4.750000000000003553e+00,1.568750000000000888e+01,-9.000000000000005329e+00,-1.762500000000001066e+01,1.000000000000000888e+00,2.043750000000001066e+01,1.850000000000000711e+01,-7.187500000000003553e+00,-1.212500000000000533e+01,3.687500000000001332e+00,-3.250000000000001776e+00,-8.687500000000003553e+00,1.250000000000000444e+00,-6.750000000000002665e+00,-1.162500000000000355e+01,9.250000000000003553e+00,2.168750000000000711e+01,7.312500000000002665e+00,-1.600000000000000711e+01,-1.775000000000000711e+01,1.137500000000000533e+01,1.850000000000000711e+01,-1.256250000000000711e+01,-1.600000000000000711e+01,8.062500000000003553e+00,8.937500000000003553e+00,2.875000000000000888e+00,1.106250000000000355e+01,1.000000000000000355e+01,-7.250000000000002665e+00,-1.881250000000000711e+01,-8.625000000000003553e+00,3.562500000000000888e+00,-3.750000000000008882e-01,3.687500000000002220e+00,1.150000000000000711e+01,1.312500000000000888e+00,-5.625000000000002665e+00,-2.937500000000001332e+00,-6.625000000000001776e+00,-7.500000000000000000e-01,1.137500000000000355e+01,1.874999999999991118e-01,-1.050000000000000533e+01,-1.937500000000000888e+00,2.562500000000000888e+00,3.500000000000000888e+00,8.687500000000003553e+00,9.562500000000003553e+00,3.500000000000001776e+00,-7.375000000000003553e+00,-2.006250000000001066e+01,-1.225000000000000711e+01,1.262500000000000355e+01,1.250000000000000355e+01,-6.750000000000003553e+00,-4.250000000000001776e+00,2.237500000000000711e+01,1.762500000000000711e+01,-2.718750000000001421e+01,-2.956250000000001421e+01,4.500000000000001776e+00,1.075000000000000355e+01,7.375000000000002665e+00,7.125000000000002665e+00,-5.000000000000000000e-01,-2.125000000000000888e+00,-3.437500000000001776e+00,-2.687500000000001332e+00,1.456250000000000711e+01,1.337500000000000711e+01,-9.625000000000003553e+00,-1.087500000000000355e+01,-1.500000000000000666e+00,-2.687500000000000888e+00,-8.437500000000003553e+00,-7.437500000000003553e+00,5.750000000000002665e+00,9.062500000000003553e+00,1.562500000000000888e+00,1.087500000000000355e+01,1.400000000000000533e+01,-1.437500000000000533e+01,-2.981250000000001421e+01,-6.062500000000003553e+00,1.768750000000000711e+01,9.875000000000003553e+00,-5.500000000000001776e+00,1.437500000000000888e+00,1.081250000000000533e+01,-4.500000000000002665e+00,-2.512500000000001421e+01,-9.937500000000003553e+00,2.900000000000001421e+01,3.187500000000001421e+01,-4.125000000000001776e+00,-2.043750000000000711e+01,-1.256250000000000533e+01,-8.875000000000003553e+00,7.937500000000005329e+00,1.762500000000000711e+01,-8.375000000000005329e+00,-1.381250000000000711e+01,7.187500000000003553e+00,2.437500000000001776e+00,1.687500000000001776e+00,2.150000000000001066e+01,7.125000000000003553e+00,-2.968750000000001066e+01,-2.200000000000000711e+01,1.356250000000000533e+01,8.187500000000003553e+00,-1.556250000000000711e+01,7.437500000000003553e+00,3.287500000000001421e+01,5.000000000000000000e-01,-2.287500000000001066e+01,2.500000000000000000e-01,7.000000000000003553e+00,-4.687500000000001776e+00,-6.750000000000003553e+00,5.000000000000000000e-01,6.000000000000003553e+00,-6.750000000000003553e+00,-1.562500000000001776e+00,1.881250000000000711e+01,1.625000000000000000e+00,-1.837500000000000711e+01,-5.750000000000001776e+00,3.125000000000000000e-01,-4.375000000000001776e+00,1.362500000000000711e+01,2.162500000000001066e+01,-1.056250000000000355e+01,-2.406250000000001066e+01,5.812500000000003553e+00,1.643750000000000711e+01,-8.000000000000001776e+00,-1.037500000000000355e+01,8.687500000000003553e+00,5.437500000000002665e+00,3.437500000000001776e+00,1.943750000000001066e+01,4.125000000000003553e+00,-3.131250000000001421e+01,-2.175000000000001066e+01,7.125000000000003553e+00,1.306250000000000711e+01,2.075000000000001066e+01,1.631250000000000711e+01,-1.750000000000001066e+01,-2.712500000000001421e+01,2.750000000000001776e+00,2.050000000000001066e+01,9.375000000000005329e+00,-8.625000000000003553e+00,-1.118750000000000355e+01,1.087500000000000355e+01,1.725000000000000711e+01,-7.562500000000001776e+00,-8.250000000000001776e+00,1.087500000000000533e+01,5.125000000000001776e+00,-4.625000000000001776e+00,-1.187499999999999556e+00,4.375000000000009437e-01,-4.687500000000002665e+00,-8.125000000000005329e+00,4.562500000000001776e+00,7.125000000000003553e+00,-1.893750000000000711e+01,-2.625000000000001066e+01,-7.250000000000003553e+00,3.375000000000001776e+00,1.068750000000000533e+01,9.437500000000003553e+00,-1.143750000000000533e+01,-1.950000000000000711e+01,9.125000000000003553e+00,4.893750000000002132e+01,4.125000000000002132e+01,-7.000000000000000000e+00,-1.687500000000000711e+01,-4.875000000000001776e+00,-2.987500000000001421e+01,-4.737500000000002132e+01,-1.468750000000000355e+01,2.506250000000001066e+01,2.200000000000000711e+01,-1.306250000000000533e+01,-2.418750000000001066e+01,4.875000000000002665e+00,2.087500000000001421e+01,2.937500000000002665e+00,-9.750000000000003553e+00,-1.218750000000000533e+01,-1.206250000000000711e+01,8.875000000000003553e+00,2.387500000000001421e+01,4.312500000000001776e+00,-8.125000000000003553e+00,5.312500000000002665e+00,4.625000000000001776e+00,-8.750000000000005329e+00,-6.875000000000008882e-01,8.625000000000003553e+00,-5.187500000000001776e+00,-1.143750000000000533e+01,5.375000000000001776e+00,1.556250000000000711e+01,1.187500000000000533e+01,6.812500000000002665e+00,-4.500000000000002665e+00,-9.750000000000005329e+00,-1.187500000000001332e+00,8.250000000000003553e+00,1.375000000000000711e+01,6.875000000000003553e+00,-2.937500000000001332e+00,-7.437500000000003553e+00,-9.000000000000003553e+00,3.000000000000000888e+00,1.337500000000000711e+01,9.500000000000005329e+00,1.312500000000000000e+00,-2.937500000000001776e+00,-9.375000000000001110e-01,-4.625000000000002665e+00,-5.562500000000002665e+00,3.750000000000002665e+00,6.875000000000003553e+00,-2.125000000000001332e+00,-1.550000000000000711e+01,-8.875000000000003553e+00,7.750000000000002665e+00,-2.250000000000001776e+00,-1.212500000000000533e+01,1.437500000000000000e+00,8.250000000000003553e+00,6.250000000000003553e+00,1.562500000000000888e+00,-1.400000000000000711e+01,-1.156250000000000711e+01,1.300000000000000711e+01,1.125000000000000711e+01,-4.437500000000001776e+00,2.625000000000000444e+00,2.812500000000000000e+00,-1.231250000000000533e+01,-1.581250000000000711e+01,-1.000000000000001776e+00,1.687500000000000711e+01,9.062500000000003553e+00,-6.125000000000002665e+00,-4.437500000000001776e+00,-2.187500000000000888e+00,-1.687500000000000666e+00,-6.062500000000002665e+00,-7.687500000000003553e+00,2.437500000000000888e+00,5.687500000000002665e+00,6.687500000000003553e+00,3.500000000000001776e+00,-8.187500000000003553e+00,-1.375000000000001776e+00,9.312500000000003553e+00,2.562500000000000888e+00,7.500000000000000000e-01,5.000000000000001776e+00,-4.250000000000002665e+00,-8.750000000000003553e+00,7.062500000000002665e+00,4.062500000000001776e+00,-8.625000000000003553e+00,9.000000000000005329e+00,1.143750000000000711e+01,-1.631250000000000711e+01,-1.118750000000000533e+01,1.762500000000000711e+01,9.625000000000005329e+00,-1.556250000000000711e+01,-9.187500000000003553e+00,1.362500000000000711e+01,9.312500000000003553e+00,-1.968750000000000711e+01,-1.743750000000000711e+01,1.775000000000000711e+01,2.231250000000000711e+01,-2.187500000000001776e+00,-1.093750000000000533e+01,-4.937500000000001776e+00,-2.812500000000001332e+00,2.750000000000000888e+00,1.131250000000000533e+01,-9.375000000000000000e-01,-1.443750000000000711e+01,-5.062500000000002665e+00,5.437500000000002665e+00,9.000000000000003553e+00,4.687500000000002665e+00,-3.375000000000001776e+00,-6.062500000000003553e+00,-9.000000000000003553e+00,3.750000000000017764e-01,1.231250000000000711e+01,1.562500000000001776e+00,-3.375000000000001776e+00,3.625000000000000888e+00,-2.000000000000000888e+00,2.687500000000001776e+00,1.331250000000000711e+01,-2.375000000000000888e+00,-1.412500000000000533e+01,-3.625000000000000888e+00,1.062500000000000444e+00,-5.312500000000001776e+00,-1.687500000000000444e+00,1.193750000000000533e+01,6.625000000000002665e+00,-9.250000000000003553e+00,-8.500000000000003553e+00,-6.875000000000004441e-01,-1.312500000000000444e+00,8.125000000000008882e-01,1.243750000000000533e+01,6.187500000000001776e+00,-1.012500000000000533e+01,-7.750000000000003553e+00,5.062500000000001776e+00,1.293750000000000711e+01,3.125000000000000000e-01,-1.412500000000000711e+01,-1.000000000000000000e+00,1.381250000000000711e+01,5.562500000000002665e+00,-5.875000000000002665e+00,-4.812500000000001776e+00,-1.875000000000000888e+00,-3.500000000000001776e+00,-2.500000000000001332e+00,-6.250000000000001110e-01,6.250000000000011102e-02,1.018750000000000355e+01,9.062500000000003553e+00,-1.387500000000000711e+01,-1.418750000000000711e+01,8.562500000000003553e+00,1.431250000000000533e+01,3.125000000000000888e+00,-3.750000000000001776e+00,-5.187500000000002665e+00,-1.025000000000000533e+01,-2.187500000000000888e+00,1.118750000000000711e+01,-4.125000000000001776e+00,-1.593750000000000711e+01,8.062500000000003553e+00,2.218750000000001066e+01,1.625000000000000000e+00,-8.187500000000003553e+00,-7.500000000000000000e-01,-5.250000000000002665e+00,2.000000000000000888e+00,1.206250000000000533e+01,-6.500000000000003553e+00,-1.500000000000000711e+01,1.125000000000000000e+00,7.000000000000002665e+00,-3.750000000000000888e+00,-3.500000000000000888e+00,1.118750000000000355e+01,6.437500000000002665e+00,-6.625000000000002665e+00,-3.125000000000000000e-01,4.750000000000001776e+00,-2.062500000000001332e+00,-7.250000000000003553e+00,-8.375000000000003553e+00,-4.687500000000001776e+00,7.375000000000003553e+00,1.312500000000000711e+01,8.750000000000008882e-01,-7.250000000000003553e+00,3.750000000000004441e-01,4.750000000000002665e+00,-2.937500000000000888e+00,-1.175000000000000533e+01,-2.312500000000001776e+00,1.612500000000000711e+01,9.250000000000003553e+00,-1.343750000000000711e+01,-1.700000000000000711e+01,1.000000000000000888e+00,1.362500000000000711e+01,4.000000000000001776e+00,-4.687500000000002665e+00,2.312500000000000888e+00,2.000000000000000888e+00,-8.437500000000003553e+00,-6.937500000000003553e+00,4.062500000000001776e+00,8.062500000000003553e+00,3.500000000000001776e+00,-6.500000000000003553e+00,-1.006250000000000533e+01,2.437500000000000888e+00,1.106250000000000355e+01,4.875000000000001776e+00,-8.750000000000003331e-01,-3.750000000000002220e+00,-9.312500000000003553e+00,-7.937500000000003553e+00,3.125000000000000888e+00,6.562500000000002665e+00,8.750000000000004441e-01,-4.625000000000001776e+00,-2.250000000000000888e+00,1.181250000000000355e+01,9.562500000000003553e+00,-8.750000000000003553e+00,-4.875000000000001776e+00,9.437500000000005329e+00,5.187500000000002665e+00,-4.250000000000002665e+00,-7.562500000000003553e+00,-1.187500000000000533e+01,-7.062500000000003553e+00,7.375000000000003553e+00,1.606250000000000711e+01,1.500000000000000711e+01,2.625000000000001332e+00,-9.437500000000003553e+00,-1.662500000000000711e+01,-2.056250000000000711e+01,-1.187500000000000000e+00,2.031250000000000711e+01,9.125000000000003553e+00,-7.499999999999997780e-01,7.375000000000003553e+00,5.750000000000002665e+00,1.937500000000000444e+00,3.125000000000000888e+00,-9.375000000000002220e-01,-5.062500000000001776e+00,-1.106250000000000533e+01,-1.500000000000000711e+01,2.187500000000000888e+00,2.356250000000001066e+01,1.050000000000000533e+01,-1.156250000000000533e+01,-1.500000000000000000e+00,2.187500000000001776e+00,-1.237500000000000533e+01,1.281250000000000355e+01,5.456250000000002132e+01,3.825000000000001421e+01,-2.337500000000001421e+01,-5.912500000000002842e+01,-4.268750000000001421e+01,-2.906250000000001421e+01,-3.881250000000002132e+01,-1.825000000000000711e+01,2.656250000000001421e+01,4.675000000000001421e+01,2.662500000000000711e+01,-2.481250000000001421e+01,-4.531250000000002132e+01,5.062500000000003553e+00,4.600000000000001421e+01,2.625000000000000711e+01,6.437500000000002665e+00,5.312500000000002665e+00,1.312500000000000888e+00,8.062500000000003553e+00,1.650000000000000711e+01,9.375000000000005329e+00,-9.750000000000005329e+00,-2.387500000000001066e+01,-6.562500000000001776e+00,2.281250000000001066e+01,2.681250000000001066e+01,3.875000000000000000e+00,-2.081250000000001066e+01,-2.212500000000001066e+01,-8.375000000000003553e+00,5.062500000000001776e+00,3.875000000000001776e+00,-1.462500000000000711e+01,-1.706250000000000711e+01,-1.000000000000000444e+00,7.000000000000003553e+00,7.812500000000003553e+00,-7.500000000000000000e-01,-1.187500000000000533e+01,-1.312500000000001776e+00,8.500000000000003553e+00,-8.750000000000003553e+00,-2.275000000000000711e+01,-8.250000000000005329e+00,1.587500000000000711e+01,1.750000000000001066e+01,4.625000000000002665e+00,8.250000000000003553e+00,1.093750000000000355e+01,-3.937500000000001776e+00,-1.487500000000000711e+01,-1.012500000000000533e+01,6.625000000000002665e+00,7.875000000000003553e+00,-9.500000000000003553e+00,-2.875000000000000888e+00,1.625000000000000711e+01,1.418750000000000711e+01,2.062500000000000444e+00,-1.056250000000000355e+01,-1.056250000000000355e+01,4.937500000000002665e+00,5.375000000000003553e+00,-8.750000000000003553e+00,-4.937500000000002665e+00,8.312500000000003553e+00,5.625000000000002665e+00,3.750000000000004996e-01,-3.312500000000001332e+00,-1.050000000000000533e+01,1.187500000000000000e+00,1.518750000000000711e+01,-1.437500000000000000e+00,-1.262500000000000533e+01,-1.250000000000000444e+00,-4.375000000000001776e+00,-7.812500000000003553e+00,8.375000000000003553e+00,1.425000000000000533e+01,5.500000000000002665e+00,-4.875000000000000888e+00,-1.606250000000000711e+01,-8.562500000000003553e+00,1.406250000000000711e+01,1.268750000000000711e+01,-5.125000000000001776e+00,-1.037500000000000355e+01,-7.375000000000003553e+00,4.750000000000001776e+00,1.387500000000000711e+01,-2.187500000000000000e+00,-1.575000000000000711e+01,-4.312500000000002665e+00,5.437500000000001776e+00,6.062500000000002665e+00,5.625000000000002665e+00,-2.750000000000000888e+00,-6.125000000000002665e+00,-6.250000000000001110e-01,3.937500000000002220e+00,8.937500000000003553e+00,5.000000000000000000e-01,-1.187500000000000533e+01,-5.937500000000003553e+00,-7.500000000000002220e-01,-1.625000000000000444e+00,3.625000000000001332e+00,5.562500000000002665e+00,5.125000000000002665e+00,6.375000000000003553e+00,-2.937500000000001776e+00,-1.312500000000000711e+01,-2.312500000000001776e+00,1.543750000000000533e+01,1.637500000000000711e+01,2.437500000000001332e+00,-1.250000000000000533e+01,-1.718750000000000711e+01,-7.437500000000003553e+00,1.018750000000000533e+01,1.762500000000000711e+01,8.562500000000003553e+00,-4.500000000000001776e+00,-7.875000000000003553e+00,-1.875000000000000888e+00,3.812500000000001776e+00,7.375000000000003553e+00,-9.999999999999991118e-01,-1.262500000000000533e+01,2.000000000000000000e+00,1.637500000000000711e+01,6.250000000000000000e-01,-1.187500000000000711e+01,-6.875000000000003553e+00,-2.187500000000001332e+00,1.187500000000000444e+00,1.187500000000000666e+00,-1.812500000000000666e+00,3.937500000000001332e+00
2.700000000000000711e+01,-1.425000000000000355e+01,-1.875000000000000355e+01,3.850000000000000711e+01,-3.725000000000000711e+01,2.350000000000000711e+01,4.500000000000000000e+00,-2.325000000000000355e+01,4.500000000000000000e+00,2.325000000000000711e+01,-2.725000000000000711e+01,2.225000000000000355e+01,-2.400000000000000711e+01,9.750000000000003553e+00,1.425000000000000355e+01,-2.550000000000000711e+01,2.125000000000000711e+01,3.250000000000000000e+00,-2.850000000000000711e+01,3.075000000000000711e+01,-2.975000000000000711e+01,3.325000000000000711e+01,-2.500000000000000711e+01,1.325000000000000355e+01,-2.200000000000000355e+01,3.000000000000000711e+01,-3.025000000000000711e+01,3.025000000000000711e+01,-1.025000000000000355e+01,-1.950000000000000355e+01,1.700000000000000355e+01,1.150000000000000178e+01,-1.925000000000000355e+01,-2.000000000000000000e+00,1.625000000000000355e+01,0.000000000000000000e+00,-5.000000000000000888e+00,-7.750000000000001776e+00,-7.000000000000001776e+00,3.125000000000000711e+01,-3.700000000000000711e+01,3.525000000000000711e+01,-1.725000000000000355e+01,-1.400000000000000355e+01,1.600000000000000355e+01,0.000000000000000000e+00,1.500000000000000355e+01,-2.950000000000000711e+01,2.600000000000000711e+01,-1.700000000000000355e+01,-4.000000000000000888e+00,1.300000000000000355e+01,-2.500000000000000888e+00,-8.000000000000001776e+00,2.300000000000000711e+01,-3.250000000000000711e+01,1.550000000000000355e+01,1.750000000000000444e+00,1.000000000000000178e+01,-1.225000000000000178e+01,-9.750000000000001776e+00,1.425000000000000355e+01,-7.250000000000001776e+00,1.475000000000000355e+01,-2.175000000000000355e+01,2.350000000000000711e+01,-7.750000000000002665e+00,-1.425000000000000355e+01,5.000000000000000888e+00,9.250000000000001776e+00,5.250000000000000888e+00,-8.500000000000001776e+00,-1.575000000000000355e+01,2.925000000000000711e+01,-1.350000000000000355e+01,-5.250000000000001776e+00,-9.500000000000003553e+00,3.075000000000000711e+01,-2.350000000000000711e+01,-7.000000000000001776e+00,1.775000000000000355e+01,-2.500000000000000000e-01,-1.475000000000000355e+01,2.200000000000000355e+01,-1.200000000000000178e+01,6.000000000000000888e+00,-3.250000000000000444e+00,-1.675000000000000355e+01,2.000000000000000355e+01,6.750000000000002665e+00,-1.375000000000000355e+01,-8.500000000000001776e+00,1.825000000000000355e+01,-4.000000000000000888e+00,-1.475000000000000355e+01,2.550000000000000711e+01,-3.025000000000000711e+01,2.025000000000000355e+01,-2.750000000000000444e+00,-8.250000000000001776e+00,2.750000000000000355e+01,-2.575000000000000355e+01,4.250000000000000888e+00,1.025000000000000178e+01,-1.625000000000000355e+01,4.000000000000000000e+00,1.425000000000000355e+01,-1.225000000000000355e+01,-3.250000000000000888e+00,1.525000000000000355e+01,-2.050000000000000711e+01,1.650000000000000355e+01,-6.250000000000001776e+00,-1.750000000000000355e+01,1.925000000000000355e+01,8.750000000000003553e+00,-2.300000000000000711e+01,2.100000000000000355e+01,-3.500000000000000000e+00,-1.975000000000000711e+01,2.225000000000000711e+01,-1.750000000000000355e+01,-1.625000000000000711e+01,2.900000000000000711e+01,-1.175000000000000355e+01,-5.500000000000001776e+00,3.100000000000000711e+01,-1.075000000000000178e+01,-1.775000000000000355e+01,-4.250000000000001776e+00,1.700000000000000355e+01,7.000000000000001776e+00,-1.700000000000000355e+01,2.050000000000000711e+01,-8.000000000000003553e+00,8.000000000000003553e+00,-2.000000000000000711e+01,1.625000000000000355e+01,-1.850000000000000355e+01,1.375000000000000355e+01,3.500000000000000888e+00,-2.025000000000000711e+01,5.250000000000001776e+00,1.750000000000000355e+01,-6.750000000000000888e+00,-1.400000000000000355e+01,1.650000000000000355e+01,-1.575000000000000355e+01,1.250000000000000355e+01,1.150000000000000355e+01,-1.425000000000000355e+01,-7.500000000000002220e-01,-5.750000000000001776e+00,-1.175000000000000178e+01,4.475000000000001421e+01,-2.900000000000000711e+01,-1.375000000000000355e+01,1.950000000000000355e+01,-7.500000000000001776e+00,-2.750000000000000888e+00,1.850000000000000711e+01,-1.625000000000000355e+01,-2.325000000000000711e+01,3.750000000000000711e+01,-1.700000000000000355e+01,5.000000000000000000e-01,-2.750000000000000000e+00,1.925000000000000355e+01,-1.625000000000000355e+01,-3.425000000000000711e+01,7.675000000000001421e+01,-7.875000000000001421e+01,5.325000000000000711e+01,-4.050000000000000711e+01,1.775000000000000355e+01,6.250000000000002665e+00,5.250000000000000888e+00,5.000000000000001110e-01,-2.500000000000000555e-01,0.000000000000000000e+00,2.500000000000000555e-01,0.000000000000000000e+00,-2.500000000000000555e-01,2.500000000000000555e-01,0.000000000000000000e+00,-2.500000000000000555e-01,2.500000000000000555e-01,2.500000000000000555e-01,-7.500000000000002220e-01,7.500000000000002220e-01,-2.500000000000000555e-01,2.500000000000000555e-01,0.000000000000000000e+00,-5.000000000000001110e-01,0.000000000000000000e+00,2.500000000000000555e-01,2.500000000000000555e-01,-2.500000000000000555e-01,-2.500000000000000555e-01,5.000000000000001110e-01,-5.000000000000001110e-01,2.500000000000000555e-01,0.000000000000000000e+00,0.000000000000000000e+00,0.000000000000000000e+00,-2.500000000000000555e-01,5.000000000000001110e-01,-5.000000000000001110e-01,2.500000000000000555e-01,5.000000000000001110e-01,-1.000000000000000222e+00,2.500000000000000555e-01,5.000000000000001110e-01,-2.500000000000000555e-01,2.500000000000000555e-01,-5.000000000000001110e-01,2.500000000000000555e-01,7.500000000000002220e-01,-1.500000000000000444e+00,7.500000000000002220e-01,0.000000000000000000e+00,0.000000000000000000e+00,2.500000000000000555e-01,-5.000000000000001110e-01,5.000000000000001110e-01,-5.000000000000001110e-01,5.000000000000001110e-01,-2.500000000000000555e-01,-2.500000000000000555e-01,2.500000000000000555e-01,0.000000000000000000e+00,2.500000000000000555e-01,-1.000000000000000222e+00,1.250000000000000444e+00,-5.000000000000001110e-01,0.000000000000000000e+00,2.500000000000000555e-01,-5.000000000000001110e-01,2.500000000000000555e-01,0.000000000000000000e+00,-2.500000000000000555e-01,2.500000000000000555e-01,5.000000000000001110e-01,-7.500000000000002220e-01,5.000000000000001110e-01,0.000000000000000000e+00,-5.000000000000001110e-01,-2.500000000000000555e-01,1.250000000000000444e+00,-1.000000000000000222e+00,2.500000000000000555e-01,0.000000000000000000e+00,2.500000000000000555e-01,-5.000000000000001110e-01,0.000000000000000000e+00,5.000000000000001110e-01,0.000000000000000000e+00,-5.000000000000001110e-01,2.500000000000000555e-01,0.000000000000000000e+00,0.000000000000000000e+00,0.000000000000000000e+00,2.500000000000000555e-01,-2.500000000000000555e-01,0.000000000000000000e+00,-2.500000000000000555e-01,7.500000000000002220e-01,-5.000000000000001110e-01,1.000000000000000222e+00,-5.000000000000001110e-01,1.150000000000000355e+01,-6.000000000000001776e+00,3.000000000000000000e+00,-2.400000000000000711e+01,1.575000000000000355e+01,8.250000000000001776e+00,7.500000000000001776e+00,-3.000000000000000000e+00,-8.750000000000003553e+00,-2.250000000000000355e+01,2.850000000000000711e+01,6.500000000000001776e+00,-2.650000000000000711e+01,1.875000000000000355e+01,5.000000000000000000e-01,-2.100000000000000355e+01,3.300000000000000711e+01,-1.375000000000000178e+01,-2.350000000000000711e+01,-8.250000000000000000e+00,8.175000000000001421e+01,-4.950000000000001421e+01,-1.225000000000000355e+01,1.325000000000000355e+01,-2.125000000000000355e+01,1.200000000000000178e+01,1.575000000000000355e+01,-3.875000000000000711e+01,7.500000000000001421e+01,-4.550000000000001421e+01,-3.850000000000000711e+01,2.925000000000000711e+01,1.675000000000000355e+01,-1.200000000000000355e+01,-3.000000000000000444e+00,4.175000000000000711e+01,-5.825000000000001421e+01,3.425000000000000711e+01,-1.350000000000000355e+01,-1.050000000000000355e+01,1.200000000000000355e+01,-2.775000000000000355e+01,3.400000000000000711e+01,1.025000000000000178e+01,-2.750000000000000355e+01,-4.000000000000000888e+00,1.550000000000000355e+01,1.625000000000000355e+01,-3.125000000000000711e+01,1.350000000000000355e+01,8.250000000000003553e+00,-3.300000000000000711e+01,3.975000000000000711e+01,-2.625000000000000711e+01,2.375000000000000711e+01,-9.750000000000001776e+00,-2.025000000000000711e+01,2.500000000000000711e+01,-1.900000000000000355e+01,1.000000000000000000e+00,2.025000000000000711e+01,-9.500000000000003553e+00,-1.350000000000000355e+01,1.100000000000000178e+01,5.000000000000001776e+00,-7.000000000000001776e+00,0.000000000000000000e+00,0.000000000000000000e+00,-2.500000000000000555e-01,2.500000000000000555e-01,-2.500000000000000555e-01,7.500000000000002220e-01,-7.500000000000002220e-01,5.000000000000001110e-01,-2.500000000000000555e-01,0.000000000000000000e+00,0.000000000000000000e+00,0.000000000000000000e+00,2.500000000000000555e-01,-7.500000000000002220e-01,7.500000000000002220e-01,-2.500000000000000555e-01,-2.500000000000000555e-01,2.500000000000000555e-01,2.500000000000000555e-01,-2.500000000000000555e-01,0.000000000000000000e+00,0.000000000000000000e+00,0.000000000000000000e+00,-5.000000000000000888e+00,5.750000000000000888e+00,3.250000000000000888e+00,-3.750000000000000888e+00,-1.500000000000000222e+00,-3.500000000000000888e+00,7.500000000000001776e+00,-2.075000000000000355e+01,3.375000000000000711e+01,-2.525000000000000711e+01,4.250000000000000888e+00,1.325000000000000355e+01,0.000000000000000000e+00,-2.425000000000000711e+01,-5.500000000000000000e+00,2.375000000000000355e+01,2.325000000000000711e+01,-4.250000000000001421e+01,1.200000000000000355e+01,4.000000000000000888e+00,1.625000000000000355e+01,-1.100000000000000355e+01,-2.350000000000000355e+01,2.800000000000000711e+01,-6.500000000000001776e+00,-1.775000000000000355e+01,1.375000000000000355e+01,1.175000000000000178e+01,-2.175000000000000711e+01,1.550000000000000355e+01,-1.675000000000000355e+01,2.850000000000000711e+01,-5.750000000000001776e+00,-9.500000000000001776e+00,-1.250000000000000222e+00,-1.025000000000000178e+01,-7.750000000000001776e+00,3.750000000000000711e+01,-3.900000000000000711e+01,3.275000000000000711e+01,-2.850000000000000711e+01,-2.500000000000000000e+00,4.450000000000001421e+01,-2.175000000000000711e+01,-8.500000000000001776e+00,2.150000000000000355e+01,-3.400000000000000711e+01,7.000000000000001776e+00,2.950000000000000711e+01,-2.650000000000000711e+01,-2.250000000000000000e+00,7.000000000000001776e+00,-8.500000000000001776e+00,3.150000000000000711e+01,-1.900000000000000355e+01,-1.200000000000000178e+01,1.575000000000000355e+01,5.000000000000000888e+00,-3.275000000000000711e+01,3.700000000000000711e+01,-2.200000000000000711e+01,-3.000000000000000000e+00,1.750000000000000000e+00,1.550000000000000355e+01,-1.500000000000000888e+00,-4.250000000000000888e+00,-8.500000000000001776e+00,-1.400000000000000178e+01,5.450000000000001421e+01,-5.025000000000001421e+01,1.250000000000000355e+01,-2.750000000000000888e+00,1.850000000000000355e+01,-2.500000000000000711e+01,2.325000000000000711e+01,-2.750000000000000000e+00,-2.750000000000000888e+00,-5.000000000000000000e-01,-2.275000000000000355e+01,3.250000000000000711e+01,-2.325000000000000711e+01,3.750000000000000000e+00,1.575000000000000355e+01,-1.025000000000000178e+01,7.500000000000002220e-01,-3.000000000000000888e+00,1.025000000000000355e+01,-2.750000000000000711e+01,3.325000000000000711e+01,-9.000000000000003553e+00,-1.825000000000000355e+01,2.225000000000000711e+01,-1.875000000000000355e+01,1.575000000000000355e+01,-1.100000000000000355e+01,1.625000000000000355e+01,-8.500000000000001776e+00,3.000000000000000444e+00,-1.000000000000000000e+00,-2.575000000000000355e+01,2.525000000000000355e+01,5.500000000000000888e+00,-1.900000000000000355e+01,1.775000000000000355e+01,-3.125000000000000711e+01,7.200000000000002842e+01,-6.300000000000001421e+01,-2.250000000000000000e+00,2.150000000000000355e+01,-1.075000000000000355e+01,4.000000000000001776e+00,7.750000000000001776e+00,-4.000000000000000888e+00,-7.250000000000001776e+00,1.600000000000000355e+01,-2.075000000000000355e+01,6.250000000000000888e+00,3.200000000000000711e+01,-4.025000000000001421e+01,1.825000000000000355e+01,-4.250000000000000888e+00,-7.000000000000000888e+00,1.475000000000000355e+01,-2.900000000000000711e+01,2.600000000000000711e+01,-1.175000000000000355e+01,1.525000000000000355e+01,-2.925000000000000711e+01,5.275000000000001421e+01,-4.125000000000000711e+01,6.250000000000001776e+00,-1.675000000000000355e+01,2.250000000000000355e+01,2.500000000000000888e+00,-1.350000000000000355e+01,5.250000000000001776e+00,5.500000000000001776e+00,3.750000000000000888e+00,-1.225000000000000355e+01,-1.875000000000000355e+01,2.750000000000000355e+01,8.000000000000000000e+00,6.250000000000001776e+00,-3.675000000000000711e+01,3.350000000000000711e+01,-2.825000000000000711e+01,2.500000000000001776e+00,2.675000000000000711e+01,-1.075000000000000355e+01,-2.875000000000000355e+01,3.650000000000000711e+01,-1.250000000000000355e+01,-1.450000000000000355e+01,2.550000000000000711e+01,5.250000000000001776e+00,-1.750000000000000355e+01,-2.050000000000000355e+01,2.175000000000000355e+01,1.275000000000000355e+01,-2.775000000000000711e+01,7.500000000000000000e-01,2.850000000000000711e+01,9.500000000000003553e+00,-5.275000000000001421e+01,4.125000000000001421e+01,-6.500000000000001776e+00,-1.900000000000000711e+01,3.075000000000000711e+01,-4.300000000000001421e+01,4.300000000000001421e+01,-1.600000000000000355e+01,-2.875000000000000711e+01,5.500000000000001421e+01,-3.275000000000000711e+01,7.250000000000001776e+00,-1.725000000000000355e+01,2.800000000000000711e+01,-2.775000000000000711e+01,6.000000000000001776e+00,3.025000000000000711e+01,-1.950000000000000355e+01,-1.325000000000000178e+01,7.500000000000000000e-01,2.800000000000000711e+01,-2.075000000000000355e+01,-9.000000000000003553e+00,1.575000000000000355e+01,4.500000000000000888e+00,-2.100000000000000711e+01,2.475000000000000711e+01,7.000000000000000000e+00,-1.925000000000000355e+01,-2.650000000000000711e+01,4.350000000000001421e+01,-3.200000000000000711e+01,2.075000000000000355e+01,1.375000000000000355e+01,-1.200000000000000178e+01,-2.025000000000000711e+01,7.250000000000002665e+00,1.825000000000000355e+01,-1.250000000000000355e+01,1.375000000000000355e+01,-2.275000000000000711e+01,5.750000000000000888e+00,2.625000000000000355e+01,-1.875000000000000355e+01,-1.375000000000000355e+01,2.650000000000000711e+01,-7.750000000000001776e+00,-1.075000000000000178e+01,1.775000000000000355e+01,-2.050000000000000355e+01,2.150000000000000355e+01,-2.150000000000000355e+01,2.500000000000000444e+00,2.100000000000000355e+01,-1.625000000000000355e+01,-2.100000000000000355e+01,1.925000000000000355e+01,-1.200000000000000178e+01,3.750000000000000000e+00,1.450000000000000355e+01,-9.000000000000001776e+00,-1.625000000000000355e+01,1.150000000000000178e+01,-5.000000000000000000e+00,6.150000000000001421e+01,-5.000000000000001421e+01,4.500000000000000888e+00,1.300000000000000355e+01,-8.000000000000001776e+00,-3.350000000000000711e+01,6.000000000000000000e+00,6.500000000000001776e+00,2.125000000000000355e+01,-1.425000000000000355e+01,-1.450000000000000355e+01,-2.500000000000000000e-01,2.700000000000000711e+01,-1.475000000000000355e+01,-4.000000000000000000e+00,8.500000000000001776e+00,-1.700000000000000355e+01,-1.000000000000000000e+00,2.775000000000000711e+01,-1.000000000000000178e+01,-1.000000000000000355e+01,7.250000000000002665e+00,1.075000000000000178e+01,-1.525000000000000355e+01,-4.000000000000001776e+00,2.225000000000000711e+01,-1.750000000000000355e+01,2.250000000000000000e+00,-9.750000000000001776e+00,2.750000000000000711e+01,-2.150000000000000355e+01,2.000000000000000355e+01,-3.750000000000000888e+00,-1.925000000000000355e+01,2.300000000000000711e+01,-2.050000000000000355e+01,2.000000000000000355e+01,3.250000000000001776e+00,-1.900000000000000711e+01,2.450000000000000711e+01,-2.875000000000000711e+01,1.100000000000000178e+01,1.350000000000000355e+01,-1.750000000000000355e+01,2.725000000000000355e+01,-3.100000000000000711e+01,2.225000000000000711e+01,-6.250000000000001776e+00,-1.550000000000000355e+01,2.300000000000000711e+01,-1.850000000000000355e+01,1.925000000000000355e+01,-1.500000000000000355e+01,-1.300000000000000178e+01,2.150000000000000355e+01,-2.750000000000000000e+00,-2.000000000000000711e+01,1.450000000000000355e+01,3.000000000000000444e+00,-1.050000000000000178e+01,1.900000000000000355e+01,-1.450000000000000355e+01,-1.075000000000000355e+01,8.500000000000003553e+00,2.325000000000000355e+01,-3.450000000000000711e+01,2.025000000000000355e+01,6.750000000000002665e+00,-2.325000000000000711e+01,1.725000000000000355e+01,-2.600000000000000711e+01,2.350000000000000355e+01,1.225000000000000355e+01,-3.575000000000000711e+01,3.775000000000000711e+01,-3.350000000000000711e+01,2.050000000000000355e+01,-5.000000000000000888e+00,-1.350000000000000355e+01,1.125000000000000355e+01,4.750000000000000888e+00,-1.775000000000000355e+01,3.375000000000000711e+01,-3.200000000000000711e+01,5.750000000000001776e+00,1.900000000000000355e+01,-2.175000000000000355e+01,1.925000000000000355e+01,-1.800000000000000355e+01,2.750000000000000711e+01,-3.725000000000000711e+01,1.975000000000000355e+01,1.750000000000000355e+01,-3.875000000000000711e+01,2.450000000000000355e+01,1.025000000000000355e+01,-1.450000000000000355e+01,-1.700000000000000355e+01,2.425000000000000711e+01,8.000000000000001776e+00,-2.450000000000000711e+01,8.500000000000001776e+00,-5.500000000000001776e+00,2.425000000000000711e+01,-1.900000000000000355e+01,-1.875000000000000355e+01,1.875000000000000355e+01,1.950000000000000355e+01,-2.550000000000000711e+01,1.800000000000000355e+01,-2.450000000000000711e+01,2.875000000000000711e+01,-3.425000000000000711e+01,3.325000000000000711e+01,-7.000000000000001776e+00,-1.800000000000000355e+01,1.150000000000000178e+01,-1.000000000000000222e+00,-6.250000000000001776e+00,2.475000000000000711e+01,-3.300000000000000711e+01,2.825000000000000711e+01,-2.125000000000000711e+01,-1.500000000000000000e+00,1.750000000000000355e+01,-2.750000000000000888e+00,-1.750000000000000355e+01,2.425000000000000711e+01,-1.200000000000000355e+01,-1.025000000000000178e+01,2.550000000000000711e+01,-6.000000000000001776e+00,-2.275000000000000711e+01,2.575000000000000711e+01,-2.450000000000000711e+01,2.600000000000000711e+01,-3.300000000000000711e+01,2.700000000000000711e+01,3.750000000000000000e+00,-2.325000000000000355e+01,2.200000000000000355e+01,-2.750000000000000711e+01,3.325000000000000711e+01,-3.550000000000000711e+01,2.525000000000000355e+01,9.750000000000003553e+00,-3.200000000000000711e+01,2.875000000000000711e+01,-2.775000000000000711e+01,2.575000000000000711e+01,7.500000000000000000e-01,-2.350000000000000711e+01,1.550000000000000355e+01,-6.250000000000001776e+00,2.125000000000000355e+01,-3.075000000000000711e+01,2.725000000000000711e+01,-2.675000000000000711e+01,2.600000000000000711e+01,-2.925000000000000711e+01,2.675000000000000711e+01,-1.875000000000000355e+01,3.000000000000000888e+00,2.300000000000000355e+01,-2.100000000000000355e+01,-1.100000000000000355e+01,1.950000000000000711e+01,-7.750000000000001776e+00,1.325000000000000178e+01,-1.625000000000000355e+01,9.500000000000001776e+00,-7.500000000000000000e-01,-2.300000000000000355e+01,3.375000000000000711e+01,-1.225000000000000355e+01,-1.600000000000000355e+01,9.000000000000003553e+00,1.150000000000000355e+01,8.500000000000001776e+00,-3.425000000000000711e+01,3.750000000000000711e+01,-2.275000000000000355e+01,-8.500000000000003553e+00,3.375000000000000711e+01,-2.250000000000000355e+01,-7.500000000000001776e+00,1.250000000000000355e+01,-8.750000000000001776e+00,1.700000000000000355e+01,-3.000000000000000711e+01,2.550000000000000711e+01,4.750000000000001776e+00,-2.425000000000000711e+01,2.225000000000000711e+01,-1.450000000000000355e+01,1.550000000000000355e+01,-2.075000000000000355e+01,1.750000000000000355e+01,-2.200000000000000711e+01,1.700000000000000355e+01,-4.000000000000000888e+00,1.400000000000000355e+01,-2.550000000000000711e+01,2.050000000000000711e+01,-1.000000000000000178e+01,6.500000000000001776e+00,-3.500000000000000888e+00,-1.725000000000000355e+01,2.700000000000000711e+01,-6.250000000000000888e+00,0.000000000000000000e+00,-1.625000000000000355e+01,9.250000000000001776e+00,-1.250000000000000444e+00,1.850000000000000355e+01,-3.275000000000000711e+01,3.175000000000000711e+01,-2.200000000000000711e+01,1.925000000000000355e+01,-3.125000000000000711e+01,3.200000000000000711e+01,-2.325000000000000355e+01,2.300000000000000355e+01,-1.700000000000000355e+01,5.000000000000000888e+00,-1.275000000000000355e+01,2.575000000000000711e+01,-1.975000000000000711e+01,1.475000000000000355e+01,-1.125000000000000355e+01,6.250000000000001776e+00,-1.175000000000000178e+01,2.500000000000000000e+00,1.500000000000000355e+01,-2.175000000000000711e+01,2.500000000000000711e+01,-2.850000000000000711e+01,1.750000000000000355e+01,1.375000000000000355e+01,-2.375000000000000711e+01,9.250000000000001776e+00,-2.000000000000000444e+00,1.425000000000000355e+01,-2.050000000000000711e+01,1.600000000000000355e+01,-1.300000000000000355e+01,-6.500000000000002665e+00,1.300000000000000355e+01,-5.250000000000000888e+00,1.150000000000000355e+01,4.250000000000000000e+00,-1.800000000000000355e+01,1.625000000000000355e+01,-2.325000000000000711e+01,-3.250000000000000000e+00,2.325000000000000711e+01,-1.500000000000000888e+00,-1.600000000000000355e+01,1.975000000000000355e+01,-3.250000000000000888e+00,-1.050000000000000178e+01,2.150000000000000355e+01,-2.200000000000000355e+01,1.675000000000000355e+01,-1.425000000000000355e+01,2.750000000000000888e+00,-1.475000000000000355e+01,2.275000000000000711e+01,9.500000000000001776e+00,-2.400000000000000711e+01,4.750000000000001776e+00,1.800000000000000355e+01,-2.000000000000000355e+01,-1.425000000000000355e+01,5.075000000000001421e+01,-4.250000000000000000e+00,7.750000000000000000e+00,-4.125000000000000711e+01,-8.750000000000003553e+00,1.925000000000000355e+01,-3.800000000000000711e+01,-3.500000000000000000e+00,1.850000000000000355e+01,6.750000000000001776e+00,2.025000000000000355e+01,-5.000000000000000888e+00,-4.050000000000000711e+01,5.000000000000000000e+00,4.150000000000000711e+01,-8.750000000000001776e+00,-9.500000000000001776e+00,2.450000000000000711e+01,-2.175000000000000355e+01,8.000000000000001776e+00,1.525000000000000355e+01,-1.425000000000000355e+01,2.125000000000000711e+01,-3.100000000000000711e+01,-7.500000000000000000e-01,2.275000000000000711e+01,-1.000000000000000178e+01,2.875000000000000711e+01,-3.800000000000000711e+01,1.225000000000000355e+01,-9.250000000000001776e+00,-1.750000000000000444e+00,1.800000000000000355e+01,-1.650000000000000355e+01,-1.025000000000000178e+01,1.125000000000000178e+01,-3.750000000000000888e+00,1.000000000000000444e+00,1.175000000000000178e+01,-1.800000000000000355e+01,-1.750000000000000000e+00,1.950000000000000355e+01,-1.250000000000000355e+01,-8.000000000000000000e+00,-4.250000000000001776e+00,4.500000000000001776e+00,1.900000000000000355e+01,-1.450000000000000355e+01,2.500000000000000000e-01,2.400000000000000711e+01,-2.550000000000000711e+01,1.525000000000000355e+01,-2.000000000000000711e+01,7.000000000000002665e+00,1.600000000000000355e+01,-1.475000000000000355e+01,-1.350000000000000355e+01,3.350000000000000711e+01,-2.150000000000000355e+01,1.875000000000000355e+01,-9.750000000000003553e+00,-1.275000000000000355e+01,1.375000000000000355e+01,-5.000000000000000000e-01,0.000000000000000000e+00,-1.775000000000000355e+01,2.425000000000000711e+01,-9.750000000000001776e+00,-2.250000000000000444e+00,1.075000000000000178e+01,-1.325000000000000355e+01,-6.000000000000000888e+00,2.075000000000000355e+01,0.000000000000000000e+00,-2.650000000000000711e+01,2.325000000000000711e+01,-5.250000000000001776e+00,-1.750000000000000355e+01,1.750000000000000355e+01,1.500000000000000444e+00,-2.250000000000000888e+00,4.500000000000000888e+00,-6.000000000000000888e+00,-1.500000000000000355e+01,1.600000000000000355e+01,1.125000000000000355e+01,-1.875000000000000711e+01,9.250000000000001776e+00,-6.000000000000001776e+00,-9.250000000000003553e+00,2.525000000000000711e+01,-1.175000000000000355e+01,-6.000000000000000888e+00,-6.000000000000000888e+00,1.875000000000000355e+01,-2.050000000000000711e+01,2.125000000000000711e+01,-6.750000000000001776e+00,-1.475000000000000355e+01,2.400000000000000711e+01,-2.625000000000000711e+01,2.425000000000000711e+01,-5.000000000000000888e+00,-8.750000000000001776e+00,-3.750000000000000888e+00,1.575000000000000355e+01,-2.425000000000000711e+01,2.325000000000000711e+01,-1.325000000000000355e+01,9.250000000000001776e+00,-4.000000000000000888e+00,1.075000000000000178e+01,-1.725000000000000355e+01,-5.000000000000000000e-01,1.400000000000000355e+01,-4.000000000000000888e+00,1.300000000000000355e+01,-1.800000000000000355e+01,5.750000000000001776e+00,-1.300000000000000178e+01,7.750000000000000888e+00,1.225000000000000355e+01,-8.500000000000001776e+00,1.300000000000000355e+01,-2.350000000000000711e+01,1.975000000000000355e+01,-1.300000000000000355e+01,7.000000000000001776e+00,9.750000000000003553e+00,-1.925000000000000711e+01,-5.000000000000000000e-01,2.100000000000000711e+01,-5.750000000000001776e+00,-1.625000000000000355e+01,1.850000000000000355e+01,-2.200000000000000355e+01,2.025000000000000355e+01,-1.550000000000000355e+01,1.475000000000000355e+01,-2.025000000000000355e+01
