-2.987173750000001178e+02,-2.636080000000001178e+02,-2.289048750000001178e+02,-1.934205000000000894e+02,-1.602955000000000609e+02,-1.299986250000000325e+02,-1.016080000000000183e+02,-7.842050000000000409e+01,-5.945174999999998988e+01,-4.074862499999997567e+01,-2.154549999999996146e+01,-4.467374999999950802e+00,1.267325000000005986e+01,2.853262500000006696e+01,4.232950000000008117e+01,5.620450000000009538e+01,6.920450000000009538e+01,8.136075000000010959e+01,9.222012500000013802e+01,1.033451250000001380e+02,1.135951250000001380e+02,1.235170000000001380e+02,1.333451250000001380e+02,1.420795000000001380e+02,1.495482500000001380e+02,1.560638750000001380e+02,1.617513750000001380e+02,1.663920000000001380e+02,1.704701250000001380e+02,1.737045000000001380e+02,1.764701250000001380e+02,1.795013750000001380e+02,1.829701250000001380e+02,1.856576250000001664e+02,1.883138750000001664e+02,1.914857500000001949e+02,1.946888750000002233e+02,1.983451250000002233e+02,2.024701250000002233e+02,2.063138750000002233e+02,2.102357500000002233e+02,2.162982500000002233e+02,2.234857500000002233e+02,2.314701250000002233e+02,2.403607500000002233e+02,2.497513750000002233e+02,2.600795000000002233e+02,2.716888750000002233e+02,2.846888750000002233e+02,2.965482500000002233e+02,3.077826250000002233e+02,3.183138750000002233e+02,3.284857500000002233e+02,3.388763750000002233e+02,3.482045000000002233e+02,3.553763750000002233e+02,3.607513750000002233e+02,3.659388750000002233e+02,3.706732500000002233e+02,3.757357500000002233e+02,3.796263750000002233e+02,3.821576250000002801e+02,3.839701250000003938e+02,3.871263750000003938e+02,3.903763750000003938e+02,3.934076250000003938e+02,3.961263750000003938e+02,3.976576250000003938e+02,3.988138750000003938e+02,3.998451250000003938e+02,4.016263750000003938e+02,4.021420000000003938e+02,4.017670000000003938e+02,4.011576250000003938e+02,4.007982500000003938e+02,3.993920000000003938e+02,3.981888750000003938e+02,3.967045000000003938e+02,3.938920000000003938e+02,3.903451250000003938e+02,3.867201250000003938e+02,3.820638750000003370e+02,3.761732500000002801e+02,3.711576250000002233e+02,3.654388750000002233e+02,3.590482500000002233e+02,3.522201250000002233e+02,3.449388750000002233e+02,3.369545000000002233e+02,3.293920000000002233e+02,3.214232500000002233e+02,3.119857500000002233e+02,3.022201250000002233e+02,2.913763750000002233e+02,2.790638750000002233e+02,2.665326250000002233e+02,2.526576250000002233e+02,2.365951250000002233e+02,2.192045000000002233e+02,2.016576250000002233e+02,1.838763750000001949e+02,1.667357500000001664e+02,1.504388750000001380e+02,1.335795000000001380e+02,1.177982500000001380e+02,1.031107500000001380e+02,8.917325000000010959e+01,7.456387500000010959e+01,5.959512500000009538e+01,4.378262500000008117e+01,2.786075000000006696e+01,1.275137500000005986e+01,-2.420499999999949470e+00,-1.807674999999995791e+01,-3.393612499999996857e+01,-4.948299999999997567e+01,-6.501424999999998988e+01,-7.990487500000000409e+01,-9.524862500000001830e+01,-1.111861250000000325e+02,-1.276705000000000325e+02,-1.441236250000000325e+02,-1.599986250000000325e+02,-1.742017500000000609e+02,-1.886705000000001178e+02,-2.031080000000001178e+02,-2.160767500000001178e+02,-2.282798750000001178e+02,-2.385767500000001178e+02,-2.459830000000001178e+02,-2.517017500000001178e+02,-2.568267500000001178e+02,-2.587798750000001178e+02,-2.584673750000001178e+02,-2.571236250000001178e+02,-2.539517500000001178e+02,-2.503267500000001178e+02,-2.475611250000001178e+02,-2.440142500000001178e+02,-2.404673750000001178e+02,-2.382486250000001178e+02,-2.358736250000001178e+02,-2.335455000000001178e+02,-2.312798750000001178e+02,-2.291236250000001178e+02,-2.262955000000001178e+02,-2.241392500000001178e+02,-2.218580000000001178e+02,-2.179830000000001178e+02,-2.145767500000001178e+02,-2.098423750000001178e+02,-2.055142500000001178e+02,-2.003423750000001178e+02,-1.949986250000001178e+02,-1.893267500000000609e+02,-1.821861250000000325e+02,-1.755767500000000325e+02,-1.687486250000000325e+02,-1.626705000000000325e+02,-1.560611250000000325e+02,-1.500298750000000325e+02,-1.438736250000000325e+02,-1.370923750000000325e+02,-1.322330000000000325e+02,-1.276392500000000325e+02,-1.223580000000000325e+02,-1.181236250000000325e+02,-1.134517500000000325e+02,-1.085611250000000325e+02,-1.043267500000000325e+02,-1.008736250000000325e+02,-9.598300000000003251e+01,-9.143612500000000409e+01,-8.738925000000000409e+01,-8.181112499999998988e+01,-7.751424999999998988e+01,-7.313924999999998988e+01,-6.840487499999998988e+01,-6.376424999999998988e+01,-6.017049999999998988e+01,-5.529549999999998988e+01,-5.052987499999998988e+01,-4.677987499999998278e+01,-4.160799999999997567e+01,-3.646737499999996857e+01,-3.145174999999996857e+01,-2.610799999999996501e+01,-1.973299999999996146e+01,-1.517049999999995791e+01,-1.088924999999995435e+01,-6.982999999999952578e+00,-4.967374999999950802e+00,-2.889249999999949026e+00,-6.548749999999476934e-01,4.701250000000530838e-01,5.482500000000531948e-01,1.470125000000053639e+00,1.392000000000053639e+00,2.220125000000054527e+00,3.892000000000055415e+00,4.220125000000055415e+00,4.438875000000055415e+00,5.735750000000056303e+00,6.220125000000057192e+00,6.563875000000057192e+00,7.813875000000058080e+00,8.157625000000058080e+00,9.079500000000058080e+00,1.104825000000005986e+01,1.262637500000006341e+01,1.373575000000006341e+01,1.662637500000006341e+01,1.947012500000006696e+01,2.270450000000007051e+01,2.582950000000007407e+01,2.797012500000007407e+01,3.040762500000007407e+01,3.298575000000007407e+01,3.525137500000007407e+01,3.628262500000007407e+01,3.653262500000007407e+01,3.612637500000007407e+01,3.595450000000007407e+01,3.593887500000007407e+01,3.511075000000007407e+01,3.326700000000007407e+01,3.223575000000007407e+01,3.120450000000007407e+01,3.123575000000007407e+01,3.162637500000007407e+01,3.231387500000007407e+01,3.231387500000007407e+01,3.197012500000007407e+01,3.286075000000007407e+01,3.250137500000007407e+01,3.156387500000007407e+01,2.915762500000007407e+01,2.556387500000007051e+01,2.142325000000006696e+01,1.872012500000006341e+01,1.593887500000006341e+01,1.164200000000005986e+01,7.782625000000057192e+00,4.438875000000055415e+00,2.110750000000054083e+00,5.013750000000529727e-01,-7.329999999999476934e-01,-3.545499999999949470e+00,-5.326749999999950802e+00,-5.295499999999950802e+00,-5.061124999999950802e+00,-3.732999999999949470e+00,-2.467374999999948582e+00,-1.264249999999947915e+00,-3.892499999999474714e-01,1.329500000000053639e+00,1.517000000000053639e+00,5.951250000000531948e-01,-1.170499999999948137e+00,-4.139249999999949914e+00,-7.904874999999952578e+00,-1.088924999999995435e+01,-1.423299999999995613e+01,-1.743612499999995791e+01,-1.921737499999996146e+01,-2.132674999999996146e+01,-2.206112499999996146e+01,-2.354549999999996501e+01,-2.404549999999996857e+01,-2.631112499999996857e+01,-2.832674999999996857e+01,-3.099862499999996857e+01,-3.506112499999996857e+01,-3.848299999999996857e+01,-4.393612499999997567e+01,-4.856112499999998988e+01,-5.349862499999998988e+01,-5.702987499999998988e+01,-6.110799999999998988e+01,-6.523299999999998988e+01,-6.779549999999998988e+01,-7.068612499999998988e+01,-7.212362499999998988e+01,-7.282674999999998988e+01,-7.445174999999998988e+01,-7.673299999999998988e+01,-7.745174999999998988e+01,-7.781112499999998988e+01,-7.885799999999998988e+01,-7.993612499999998988e+01,-8.037362499999998988e+01,-8.215487499999998988e+01,-8.299862499999998988e+01,-8.295174999999998988e+01,-8.393612499999998988e+01,-8.537362499999998988e+01,-8.790487499999998988e+01,-8.981112499999998988e+01,-9.298300000000000409e+01,-9.592050000000001830e+01,-9.915487500000003251e+01,-1.034205000000000325e+02,-1.084517500000000325e+02,-1.128423750000000325e+02,-1.163267500000000325e+02,-1.210455000000000325e+02,-1.249673750000000325e+02,-1.282173750000000325e+02,-1.308267500000000325e+02,-1.337017500000000325e+02,-1.351548750000000325e+02,-1.371080000000000325e+02,-1.384673750000000325e+02,-1.389205000000000325e+02,-1.411392500000000325e+02,-1.437486250000000325e+02,-1.469048750000000325e+02,-1.496236250000000325e+02,-1.542017500000000325e+02,-1.585923750000000325e+02,-1.648267500000000325e+02,-1.718267500000000325e+02,-1.768736250000000325e+02,-1.822798750000000609e+02,-1.886236250000000894e+02,-1.944048750000001178e+02,-1.980298750000001178e+02,-2.014048750000001178e+02,-2.034205000000001178e+02,-2.042330000000001178e+02,-2.061236250000001178e+02,-2.079205000000001178e+02,-2.081548750000001178e+02,-2.087017500000001178e+02,-2.109361250000001178e+02,-2.140455000000001178e+02,-2.164048750000001178e+02,-2.199673750000001178e+02,-2.233736250000001178e+02,-2.253580000000001178e+02,-2.282486250000001178e+02,-2.317486250000001178e+02,-2.333892500000001178e+02,-2.331392500000001178e+02,-2.327330000000001178e+02,-2.301236250000001178e+02,-2.260142500000001178e+02,-2.226548750000001178e+02,-2.173892500000001178e+02,-2.104673750000001178e+02,-2.034986250000001178e+02,-1.969986250000001178e+02,-1.909517500000000894e+02,-1.859361250000000609e+02,-1.807798750000000325e+02,-1.755298750000000325e+02,-1.711548750000000325e+02,-1.675611250000000325e+02,-1.642642500000000325e+02,-1.608892500000000325e+02,-1.580455000000000325e+02,-1.552330000000000325e+02,-1.531236250000000325e+02,-1.506392500000000325e+02,-1.482798750000000325e+02,-1.450455000000000325e+02,-1.430923750000000325e+02,-1.415142500000000325e+02,-1.394830000000000325e+02,-1.375923750000000325e+02,-1.358892500000000325e+02,-1.339517500000000325e+02,-1.322955000000000325e+02,-1.321861250000000325e+02,-1.303580000000000325e+02,-1.292642500000000325e+02,-1.278580000000000325e+02,-1.266080000000000325e+02,-1.246392500000000325e+02,-1.225455000000000325e+02,-1.197642500000000325e+02,-1.141548750000000325e+02,-1.093111250000000325e+02,-1.025142500000000325e+02,-9.437362500000003251e+01,-8.481112500000000409e+01,-7.560799999999998988e+01,-6.709237499999998988e+01,-5.976424999999998988e+01,-5.493612499999998988e+01,-5.059237499999998988e+01,-4.768612499999997567e+01,-4.840487499999997567e+01,-5.137362499999998988e+01,-5.721737499999998988e+01,-6.440487499999998988e+01,-7.171737499999998988e+01,-8.054550000000000409e+01,-8.940487500000000409e+01,-1.004361250000000325e+02,-1.103580000000000325e+02,-1.205455000000000325e+02,-1.293892500000000325e+02,-1.385455000000000325e+02,-1.480923750000000325e+02,-1.563423750000000325e+02,-1.645142500000000325e+02,-1.703267500000000325e+02,-1.747642500000000325e+02,-1.775611250000000325e+02,-1.786705000000000325e+02,-1.766548750000000325e+02,-1.732330000000000325e+02,-1.684048750000000325e+02,-1.624048750000000325e+02,-1.552017500000000325e+02,-1.475142500000000325e+02,-1.395611250000000325e+02,-1.312642500000000325e+02,-1.234673750000000325e+02,-1.139673750000000325e+02,-1.038892500000000325e+02,-9.487362500000003251e+01,-8.615487500000000409e+01,-7.884237499999998988e+01,-7.115487499999998988e+01,-6.267049999999998988e+01,-5.551424999999998988e+01,-5.068612499999998988e+01,-4.718612499999998278e+01,-4.195174999999997567e+01,-3.735799999999997567e+01,-3.201424999999996857e+01,-2.759237499999996857e+01,-2.470174999999996501e+01,-2.162362499999996146e+01,-1.821737499999996146e+01,-1.438924999999995791e+01,-1.263924999999995613e+01,-1.087362499999995435e+01,-9.779874999999952578e+00,-9.857999999999952578e+00,-1.031112499999995435e+01,-1.026424999999995435e+01,-9.967374999999954355e+00,-1.063924999999995435e+01,-1.159237499999995435e+01,-1.412362499999995791e+01,-1.667049999999995791e+01,-1.848299999999995791e+01,-2.179549999999996146e+01,-2.617049999999996146e+01,-3.215487499999996857e+01,-3.860799999999996857e+01,-4.359237499999997567e+01,-4.749862499999998988e+01,-5.046737499999998988e+01,-5.332674999999998988e+01,-5.299862499999998988e+01,-5.187362499999998988e+01,-4.779549999999998278e+01,-4.195174999999997567e+01,-3.607674999999996857e+01,-2.846737499999996857e+01,-2.176424999999996146e+01,-1.367049999999995435e+01,-6.514249999999950802e+00,6.576250000000531948e-01,5.704500000000056303e+00,1.078262500000005986e+01,1.503262500000006341e+01,1.701700000000006341e+01,2.004825000000006341e+01,2.261075000000006696e+01,2.393887500000007051e+01,2.631387500000007407e+01,3.006387500000007407e+01,3.187637500000007407e+01,3.376700000000007407e+01,3.656387500000007407e+01,3.747012500000007407e+01,3.656387500000007407e+01,3.664200000000007407e+01,3.507950000000007407e+01,3.181387500000007407e+01,2.917325000000007407e+01,2.561075000000007051e+01,2.104825000000006696e+01,1.818887500000006341e+01,1.575137500000006341e+01,1.268887500000006163e+01,8.829500000000058080e+00,5.845125000000056303e+00,4.204500000000055415e+00,3.282625000000054971e+00,4.267000000000056303e+00,4.313875000000056303e+00,6.298250000000056303e+00,8.157625000000058080e+00,1.262637500000005986e+01,1.723575000000006341e+01,2.029825000000006696e+01,2.482950000000007051e+01,2.887637500000007407e+01,3.336075000000007407e+01,3.718887500000007407e+01,4.211075000000008117e+01,4.484512500000008117e+01,4.693887500000009538e+01,5.047012500000009538e+01,5.354825000000009538e+01,5.589200000000009538e+01,5.789200000000009538e+01,5.912637500000009538e+01,5.907950000000009538e+01,6.068887500000009538e+01,6.386075000000009538e+01,6.581387500000009538e+01,6.675137500000009538e+01,6.740762500000009538e+01,6.876700000000009538e+01,6.995450000000009538e+01,7.339200000000009538e+01,7.618887500000009538e+01,7.853262500000009538e+01,8.265762500000009538e+01,8.679825000000009538e+01,9.231387500000010959e+01,9.801700000000013802e+01,1.051420000000001380e+02,1.100795000000001380e+02,1.155326250000001380e+02,1.198451250000001380e+02,1.232357500000001380e+02,1.283451250000001380e+02,1.340326250000001380e+02,1.399076250000001380e+02,1.453763750000001380e+02,1.520013750000001380e+02,1.578763750000001380e+02,1.653763750000001380e+02,1.735951250000001380e+02,1.802357500000001380e+02,1.842982500000001380e+02,1.863295000000001380e+02,1.860326250000001380e+02,1.840326250000001380e+02,1.807826250000001380e+02,1.756107500000001380e+02,1.674701250000001380e+02,1.581420000000001380e+02,1.493138750000001380e+02,1.421263750000001380e+02,1.358763750000001380e+02,1.311576250000001380e+02,1.287670000000001380e+02,1.260795000000001380e+02,1.256107500000001380e+02,1.277357500000001380e+02,1.299388750000001380e+02,1.310638750000001380e+02,1.340013750000001380e+02,1.363763750000001380e+02,1.368763750000001380e+02,1.378607500000001380e+02,1.358763750000001380e+02,1.306420000000001380e+02,1.238607500000001380e+02,1.169701250000001380e+02,1.075170000000001380e+02,9.651700000000013802e+01,8.632950000000010959e+01,7.684512500000009538e+01,7.061075000000009538e+01,6.742325000000009538e+01,6.739200000000009538e+01,6.804825000000009538e+01,7.101700000000009538e+01,7.697012500000009538e+01,8.223575000000009538e+01,8.706387500000010959e+01,9.273575000000010959e+01,9.720450000000013802e+01,1.008920000000001380e+02,1.043763750000001380e+02,1.062201250000001380e+02,1.063607500000001380e+02,1.069857500000001380e+02,1.081732500000001380e+02,1.070795000000001380e+02,1.045170000000001380e+02,1.009232500000001380e+02,9.865762500000013802e+01,9.711075000000013802e+01,9.517325000000010959e+01,9.414200000000010959e+01,9.314200000000010959e+01,9.223575000000010959e+01,9.362637500000010959e+01,9.537637500000010959e+01,9.578262500000012380e+01,9.575137500000012380e+01,9.734512500000012380e+01,9.714200000000012380e+01,9.647012500000012380e+01,9.751700000000013802e+01,9.750137500000013802e+01,9.754825000000013802e+01,9.807950000000013802e+01,9.937637500000013802e+01,9.911075000000013802e+01,1.005795000000001380e+02,1.013607500000001380e+02,1.006888750000001380e+02,1.008920000000001380e+02,1.016732500000001380e+02,1.006888750000001380e+02,9.926700000000013802e+01,9.879825000000013802e+01,9.678262500000013802e+01,9.468887500000012380e+01,9.137637500000010959e+01,8.564200000000010959e+01,7.828262500000009538e+01,7.282950000000009538e+01,6.603262500000009538e+01,5.757950000000009538e+01,4.928262500000008828e+01,4.297012500000008117e+01,3.912637500000008117e+01,3.782950000000007407e+01,3.742325000000007407e+01,3.587637500000007407e+01,3.707950000000007407e+01,3.959512500000007407e+01,4.382950000000008117e+01,4.672012500000008117e+01,4.770450000000008828e+01,4.826700000000009538e+01,5.057950000000009538e+01,5.409512500000009538e+01,5.529825000000009538e+01,5.742325000000009538e+01,5.765762500000009538e+01,5.853262500000009538e+01,6.051700000000009538e+01,6.265762500000009538e+01,6.279825000000009538e+01,6.164200000000009538e+01,6.207950000000009538e+01,6.098575000000009538e+01,6.132950000000009538e+01,6.125137500000009538e+01,6.139200000000009538e+01,6.039200000000009538e+01,6.029825000000009538e+01,6.129825000000009538e+01,6.179825000000009538e+01,6.270450000000009538e+01,6.292325000000009538e+01,6.195450000000009538e+01,6.036075000000009538e+01,5.901700000000009538e+01,5.701700000000009538e+01,5.492325000000009538e+01,5.256387500000009538e+01,5.028262500000009538e+01,4.745450000000008828e+01,4.676700000000008117e+01,4.639200000000008117e+01,4.657950000000008117e+01,4.740762500000008117e+01,4.798575000000008828e+01,4.909512500000009538e+01,5.215762500000009538e+01,5.690762500000009538e+01,6.107950000000009538e+01,6.537637500000009538e+01,6.978262500000009538e+01,7.378262500000009538e+01,7.775137500000009538e+01,8.157950000000009538e+01,8.307950000000009538e+01,8.317325000000009538e+01,8.186075000000009538e+01,8.028262500000009538e+01,7.909512500000009538e+01,7.720450000000009538e+01,7.540762500000009538e+01,7.178262500000009538e+01,6.753262500000009538e+01,6.361075000000009538e+01,6.100137500000009538e+01,5.800137500000009538e+01,5.254825000000009538e+01,4.764200000000008828e+01,4.253262500000008117e+01,3.851700000000008117e+01,3.503262500000007407e+01,3.072012500000007407e+01,2.564200000000007051e+01,2.026700000000006696e+01,1.740762500000006341e+01,1.340762500000006163e+01,8.829500000000059856e+00,5.423250000000056303e+00,2.267000000000054083e+00,-1.076749999999948137e+00,-4.857999999999950802e+00,-8.186124999999952578e+00,-1.281112499999995435e+01,-1.587362499999995791e+01,-1.888924999999996146e+01,-2.251424999999996146e+01,-2.560799999999996857e+01,-2.660799999999996857e+01,-2.609237499999996857e+01,-2.498299999999996501e+01,-2.282674999999996146e+01,-1.973299999999996146e+01,-1.551424999999995791e+01,-1.138924999999995435e+01,-6.295499999999950802e+00,-2.951749999999949470e+00,3.138750000000525286e-01,3.595125000000054527e+00,5.876375000000056303e+00,6.392000000000056303e+00,7.345125000000056303e+00,8.063875000000058080e+00,7.642000000000058080e+00,7.970125000000058080e+00,7.579500000000058080e+00,7.657625000000058080e+00,8.407625000000058080e+00,1.015762500000005986e+01,1.012637500000005986e+01,1.042325000000005986e+01,1.034512500000005986e+01,9.970125000000058080e+00,9.188875000000058080e+00,6.876375000000057192e+00,4.173250000000055415e+00,4.857500000000528617e-01,-1.482999999999948582e+00,-4.123624999999949914e+00,-6.232999999999951690e+00,-7.857999999999952578e+00,-8.826749999999952578e+00,-7.951749999999952578e+00,-6.545499999999951690e+00,-3.904874999999949914e+00,-1.779874999999948137e+00,1.423250000000053639e+00,5.095125000000056303e+00,8.923250000000058080e+00,1.393887500000006163e+01,1.817325000000006696e+01,2.397012500000006696e+01,2.951700000000007407e+01,3.518887500000007407e+01,4.220450000000008117e+01,4.957950000000008828e+01,5.822012500000009538e+01,6.632950000000009538e+01,7.515762500000009538e+01,8.170450000000010959e+01,8.864200000000010959e+01,9.603262500000013802e+01,1.015013750000001380e+02,1.057513750000001380e+02,1.085482500000001380e+02,1.102982500000001380e+02,1.103138750000001380e+02,1.118138750000001380e+02,1.124701250000001380e+02,1.122982500000001380e+02,1.119232500000001380e+02,1.120170000000001380e+02,1.113920000000001380e+02,1.117982500000001380e+02,1.142045000000001380e+02,1.151732500000001380e+02,1.164076250000001380e+02,1.177357500000001380e+02,1.195482500000001380e+02,1.212513750000001380e+02,1.244545000000001380e+02,1.268138750000001380e+02,1.271263750000001380e+02,1.285170000000001380e+02,1.298295000000001380e+02,1.306888750000001380e+02,1.313451250000001380e+02,1.322201250000001380e+02,1.319545000000001380e+02,1.320951250000001380e+02,1.337670000000001380e+02,1.342826250000001380e+02,1.350638750000001380e+02,1.356888750000001380e+02,1.370482500000001380e+02,1.375795000000001380e+02,1.372357500000001380e+02,1.363763750000001380e+02,1.340170000000001380e+02,1.314232500000001380e+02,1.281420000000001380e+02,1.259076250000001380e+02,1.217670000000001380e+02,1.180170000000001380e+02,1.157982500000001380e+02,1.129388750000001380e+02,1.105795000000001380e+02,1.095795000000001380e+02,1.085170000000001380e+02,1.063607500000001380e+02,1.051263750000001380e+02,1.036263750000001380e+02,1.010638750000001380e+02,9.912637500000013802e+01,9.739200000000013802e+01,9.464200000000012380e+01,9.159512500000010959e+01,8.836075000000009538e+01,8.592325000000009538e+01,8.343887500000009538e+01,8.115762500000009538e+01,7.868887500000009538e+01,7.500137500000009538e+01,7.045450000000009538e+01,6.664200000000009538e+01,6.290762500000009538e+01,5.725137500000009538e+01,5.120450000000009538e+01,4.445450000000008117e+01,3.839200000000007407e+01,3.373575000000007407e+01,2.986075000000007407e+01,2.443887500000007051e+01,1.911075000000006696e+01,1.539200000000006341e+01,1.234512500000005986e+01,1.001700000000005808e+01,6.970125000000056303e+00,3.173250000000054527e+00,-3.736249999999475824e-01,-2.936124999999949026e+00,-5.732999999999950802e+00,-9.561124999999952578e+00,-1.379549999999995435e+01,-1.846737499999995791e+01,-2.321737499999996146e+01,-2.818612499999996857e+01,-3.371737499999996857e+01,-3.913924999999996857e+01,-4.332674999999997567e+01,-4.718612499999998278e+01,-5.076424999999998988e+01,-5.368612499999998988e+01,-5.627987499999998988e+01,-5.820174999999998988e+01,-5.981112499999998988e+01,-6.057674999999998988e+01,-6.196737499999998988e+01,-6.342049999999998988e+01,-6.513924999999998988e+01,-6.635799999999998988e+01,-6.790487499999998988e+01,-6.942049999999998988e+01,-6.981112499999998988e+01,-7.106112499999998988e+01,-7.218612499999998988e+01,-7.249862499999998988e+01,-7.196737499999998988e+01,-7.256112499999998988e+01,-7.192049999999998988e+01,-7.090487499999998988e+01,-7.095174999999998988e+01,-7.051424999999998988e+01,-7.020174999999998988e+01,-6.960799999999998988e+01,-6.971737499999998988e+01,-6.837362499999998988e+01,-6.835799999999998988e+01,-6.910799999999998988e+01,-6.904549999999998988e+01,-6.940487499999998988e+01,-6.949862499999998988e+01,-7.107674999999998988e+01,-7.242049999999998988e+01,-7.531112499999998988e+01,-7.699862499999998988e+01,-7.777987499999998988e+01,-7.990487499999998988e+01,-8.202987499999998988e+01,-8.471737499999998988e+01,-8.648299999999998988e+01,-8.826424999999998988e+01,-8.910799999999998988e+01,-9.132675000000000409e+01,-9.381112500000000409e+01,-9.548300000000001830e+01,-9.674862500000003251e+01,-9.792050000000003251e+01,-9.918612500000003251e+01,-9.984237500000003251e+01,-1.003580000000000325e+02,-1.001705000000000325e+02,-1.000298750000000325e+02,-9.888925000000003251e+01,-9.767050000000003251e+01,-9.604550000000001830e+01,-9.376425000000000409e+01,-9.235800000000000409e+01,-9.156112499999998988e+01,-9.023299999999998988e+01,-8.877987499999998988e+01,-8.896737499999998988e+01,-8.863924999999998988e+01,-8.821737499999998988e+01,-8.879549999999998988e+01,-8.867049999999998988e+01,-8.842049999999998988e+01,-8.863924999999998988e+01,-8.934237499999998988e+01,-8.942049999999998988e+01,-9.051424999999998988e+01,-9.232674999999998988e+01,-9.402987500000000409e+01,-9.623300000000001830e+01,-9.809237500000003251e+01,-9.982675000000003251e+01,-1.024361250000000325e+02,-1.045767500000000325e+02,-1.072173750000000325e+02,-1.097330000000000325e+02,-1.115298750000000325e+02,-1.133423750000000325e+02,-1.157642500000000325e+02,-1.183423750000000325e+02,-1.195455000000000325e+02,-1.219673750000000325e+02,-1.235611250000000325e+02,-1.247798750000000325e+02,-1.264830000000000325e+02,-1.282173750000000325e+02,-1.294986250000000325e+02,-1.307330000000000325e+02,-1.317330000000000325e+02,-1.318423750000000325e+02,-1.316861250000000325e+02,-1.312486250000000325e+02,-1.302642500000000325e+02,-1.292486250000000325e+02,-1.270455000000000325e+02,-1.245923750000000325e+02,-1.225298750000000325e+02,-1.192173750000000325e+02,-1.160455000000000325e+02,-1.127173750000000325e+02,-1.096236250000000325e+02,-1.050767500000000325e+02,-1.019205000000000325e+02,-9.910800000000003251e+01,-9.574862500000003251e+01,-9.421737500000000409e+01,-9.188925000000000409e+01,-8.885799999999998988e+01,-8.667049999999998988e+01,-8.598299999999998988e+01,-8.556112499999998988e+01,-8.492049999999998988e+01,-8.556112499999998988e+01,-8.660799999999998988e+01,-9.013925000000000409e+01,-9.642050000000001830e+01,-1.029361250000000325e+02,-1.114205000000000325e+02,-1.202173750000000325e+02,-1.307642500000000325e+02,-1.422330000000000325e+02,-1.540142500000000325e+02,-1.657955000000000325e+02,-1.783111250000000609e+02,-1.927173750000001178e+02,-2.065455000000001178e+02,-2.219986250000001178e+02,-2.386080000000001178e+02,-2.579673750000001178e+02,-2.792486250000001178e+02,-3.031080000000001178e+02,-3.276705000000001178e+02,-3.474517500000001746e+02,-3.632017500000001746e+02,-3.741861250000001746e+02,-3.781236250000001746e+02,-3.722330000000001746e+02,-3.582798750000001746e+02,-3.333423750000001746e+02
-1.164062500000000711e+01,2.250000000000001421e+01,4.110937500000002842e+01,4.425000000000002842e+01,2.587500000000001776e+01,9.328125000000007105e+00,-1.000000000000001776e+00,-6.375000000000004441e+00,-2.531250000000002665e+00,3.203125000000001332e+00,8.125000000000005329e+00,9.546875000000007105e+00,7.906250000000005329e+00,4.234375000000003553e+00,9.375000000000004441e-01,5.625000000000007772e-01,2.312500000000001776e+00,4.781250000000003553e+00,3.984375000000002665e+00,2.859375000000001776e+00,-3.906250000000004441e-01,-3.125000000000002220e+00,-1.406249999999995559e-01,2.125000000000001776e+00,6.906250000000005329e+00,1.107812500000000711e+01,9.015625000000005329e+00,7.312500000000005329e+00,1.609375000000000888e+00,-4.125000000000002665e+00,-4.203125000000002665e+00,-5.546875000000003553e+00,-1.703125000000000444e+00,2.859375000000002220e+00,2.265625000000001776e+00,4.906250000000003553e+00,2.578125000000001776e+00,-2.328125000000000888e+00,-2.640625000000001776e+00,-7.109375000000003553e+00,-7.281250000000003553e+00,-3.468750000000002220e+00,-3.843750000000002220e+00,-1.015625000000000666e+00,-2.593750000000000888e+00,-6.234375000000003553e+00,-5.250000000000003553e+00,-5.921875000000003553e+00,-1.734375000000001332e+00,2.593750000000001776e+00,3.234375000000001776e+00,6.453125000000003553e+00,6.593750000000003553e+00,5.515625000000003553e+00,6.062500000000003553e+00,2.578125000000001332e+00,7.812499999999994449e-02,1.640625000000000888e+00,2.593750000000001776e+00,5.093750000000003553e+00,6.640625000000004441e+00,2.046875000000001776e+00,-2.078125000000000888e+00,-3.796875000000001776e+00,-5.234375000000002665e+00,-7.656250000000000000e-01,2.703125000000001776e+00,3.359375000000001776e+00,6.140625000000003553e+00,4.296875000000003553e+00,3.328125000000001776e+00,3.125000000000001776e+00,-1.562500000000000888e+00,-2.703125000000001776e+00,-3.031250000000001776e+00,-2.375000000000001332e+00,3.515625000000002665e+00,6.875000000000005329e+00,8.812500000000005329e+00,7.921875000000005329e+00,2.421875000000001332e+00,-8.593750000000006661e-01,-3.781250000000002665e+00,-3.328125000000001776e+00,1.453125000000000666e+00,3.218750000000001776e+00,4.984375000000003553e+00,5.765625000000003553e+00,1.875000000000001554e+00,1.062500000000000666e+00,6.562500000000002220e-01,-1.468750000000000444e+00,1.046875000000000888e+00,3.015625000000002220e+00,5.265625000000003553e+00,9.671875000000005329e+00,1.085937500000000533e+01,9.671875000000005329e+00,6.312500000000003553e+00,1.546875000000000888e+00,-3.546875000000001332e+00,-7.281250000000003553e+00,-8.984375000000003553e+00,-9.562500000000005329e+00,-6.468750000000003553e+00,-1.343750000000001332e+00,4.156250000000002665e+00,8.515625000000005329e+00,8.609375000000005329e+00,5.671875000000003553e+00,7.187500000000006661e-01,-4.671875000000002665e+00,-6.937500000000003553e+00,-7.468750000000005329e+00,-5.109375000000003553e+00,1.250000000000000222e+00,5.843750000000003553e+00,9.234375000000003553e+00,9.015625000000003553e+00,1.640625000000000888e+00,-4.687500000000003553e+00,-8.609375000000005329e+00,-9.484375000000005329e+00,-3.218750000000001776e+00,1.875000000000001776e+00,2.750000000000001776e+00,1.281250000000000666e+00,-4.140625000000003553e+00,-1.015625000000000711e+01,-1.300000000000001066e+01,-1.353125000000001066e+01,-1.403125000000001066e+01,-1.126562500000000711e+01,-7.140625000000005329e+00,-4.421875000000003553e+00,7.812500000000002220e-01,4.031250000000002665e+00,3.890625000000002665e+00,3.843750000000002665e+00,1.859375000000001332e+00,-4.218750000000002776e-01,-1.421875000000000888e+00,-6.250000000000004441e-01,-2.031250000000001665e-01,-2.343750000000001665e-01,1.062500000000000666e+00,-1.531250000000000888e+00,-1.687500000000000888e+00,-1.125000000000000888e+00,-2.843750000000002220e+00,-1.203125000000000888e+00,-3.343750000000002665e+00,-4.015625000000003553e+00,-3.234375000000001776e+00,-2.281250000000001332e+00,1.390625000000001110e+00,2.031250000000001776e+00,2.640625000000001776e+00,-3.749999999999997780e-01,-2.234375000000001332e+00,-8.281250000000002220e-01,-6.718749999999998890e-01,4.109375000000002665e+00,5.375000000000003553e+00,2.781250000000001776e+00,2.062500000000000888e+00,-1.234375000000000888e+00,-3.468750000000002665e+00,-1.421875000000000888e+00,3.124999999999988898e-02,7.812500000000013878e-02,2.875000000000001776e+00,2.015625000000000888e+00,-1.031250000000000444e+00,-7.343750000000006661e-01,-3.281250000000002665e+00,-3.781250000000003109e+00,-1.562500000000044409e-02,2.406250000000001332e+00,4.812500000000003553e+00,6.000000000000004441e+00,2.171875000000001332e+00,-3.015625000000001776e+00,-7.562500000000005329e+00,-9.203125000000007105e+00,-5.531250000000003553e+00,-6.250000000000044409e-02,7.000000000000004441e+00,9.937500000000007105e+00,7.406250000000005329e+00,4.687500000000003553e+00,6.718750000000006661e-01,-1.656250000000000888e+00,1.046875000000000888e+00,2.359375000000001776e+00,9.062500000000006661e-01,1.296875000000000888e+00,-1.312500000000000666e+00,-3.703125000000002220e+00,-3.125000000000000000e-01,6.718750000000005551e-01,5.781250000000003331e-01,3.281250000000001776e+00,7.343750000000000000e-01,-2.234375000000001776e+00,-1.718750000000002220e-01,-1.765625000000000888e+00,-1.687500000000000888e+00,1.656250000000001110e+00,-1.671875000000001110e+00,-2.906250000000002220e+00,-2.046875000000001776e+00,-5.015625000000003553e+00,-1.750000000000001776e+00,1.062500000000000444e+00,1.984375000000000888e+00,5.859375000000003553e+00,4.968750000000003553e+00,3.453125000000002220e+00,1.109375000000000888e+00,-1.890625000000000888e+00,-1.046875000000000666e+00,7.500000000000008882e-01,4.453125000000003553e+00,5.468750000000003553e+00,3.125000000000002665e+00,-5.312500000000002220e-01,-5.625000000000003553e+00,-6.593750000000004441e+00,-6.421875000000004441e+00,-3.484375000000002665e+00,9.531250000000007772e-01,3.109375000000001776e+00,6.843750000000003553e+00,7.390625000000003553e+00,5.578125000000003553e+00,3.921875000000002665e+00,1.265625000000000666e+00,-3.125000000000001388e-02,-1.562500000000001388e-02,-5.468750000000004441e-01,-2.750000000000001776e+00,-4.765625000000003553e+00,-4.109375000000002665e+00,-2.218750000000001332e+00,1.453125000000000888e+00,4.437500000000002665e+00,1.937500000000001332e+00,-1.406250000000000666e+00,-5.500000000000003553e+00,-8.296875000000005329e+00,-7.562500000000005329e+00,-5.265625000000003553e+00,-2.812500000000004441e-01,3.156250000000002220e+00,7.937500000000007105e+00,1.081250000000000888e+01,8.234375000000007105e+00,7.437500000000005329e+00,2.218750000000001776e+00,-2.953125000000002220e+00,-2.843750000000001776e+00,-5.750000000000003553e+00,-4.546875000000002665e+00,-3.015625000000001776e+00,-3.593750000000001776e+00,-1.171875000000000666e+00,-3.125000000000001110e-01,2.500000000000001332e+00,4.578125000000002665e+00,6.531250000000003553e+00,6.515625000000003553e+00,4.203125000000001776e+00,1.625000000000000444e+00,-2.546875000000002220e+00,-2.609375000000001776e+00,-3.484375000000001776e+00,-1.453125000000000444e+00,1.250000000000004441e-01,-2.187500000000001332e+00,-1.375000000000001110e+00,-3.609375000000002665e+00,-3.859375000000002665e+00,-2.093750000000000888e+00,-1.406250000000000666e+00,1.062500000000000666e+00,1.906250000000001332e+00,3.765625000000002220e+00,1.937500000000001332e+00,-1.359375000000000444e+00,-2.359375000000001332e+00,-6.078125000000003553e+00,-2.734375000000001776e+00,1.468750000000000888e+00,3.453125000000002220e+00,7.265625000000005329e+00,4.296875000000002665e+00,2.265625000000001776e+00,9.375000000000007772e-01,-1.125000000000000666e+00,4.843750000000002220e-01,7.500000000000003331e-01,1.093750000000000666e+00,1.359375000000000888e+00,6.562500000000004441e-01,2.500000000000003331e-01,-2.078125000000001332e+00,-3.140625000000001776e+00,-4.468750000000003553e+00,-6.218750000000004441e+00,-3.265625000000002220e+00,-1.562500000000000888e+00,1.421875000000001110e+00,4.750000000000003553e+00,4.406250000000002665e+00,4.015625000000001776e+00,2.421875000000001332e+00,2.203125000000001332e+00,1.531250000000001110e+00,1.734375000000001332e+00,3.218750000000001776e+00,2.343750000000001332e+00,2.140625000000001332e+00,1.359375000000000444e+00,-2.984375000000001776e+00,-6.515625000000005329e+00,-7.328125000000005329e+00,-9.015625000000005329e+00,-6.250000000000004441e+00,-2.062500000000001332e+00,-5.468750000000003331e-01,4.062500000000002665e+00,5.421875000000003553e+00,5.281250000000003553e+00,5.140625000000003553e+00,5.000000000000004441e-01,-1.078125000000000666e+00,-1.703125000000001332e+00,-2.109375000000001776e+00,1.250000000000000555e-01,3.281250000000002220e-01,-1.359375000000000666e+00,-3.343750000000001776e+00,-4.281250000000002665e+00,-6.937500000000003553e+00,-8.984375000000005329e+00,-8.593750000000005329e+00,-9.828125000000007105e+00,-6.281250000000003553e+00,1.296875000000000888e+00,5.390625000000003553e+00,8.765625000000005329e+00,8.406250000000003553e+00,1.515625000000000666e+00,-2.390625000000001332e+00,-3.515625000000001776e+00,-3.890625000000002220e+00,1.828125000000000888e+00,5.593750000000003553e+00,5.093750000000002665e+00,6.062500000000003553e+00,8.750000000000008882e-01,-3.421875000000001776e+00,-2.281250000000001332e+00,-4.890625000000003553e+00,-1.437500000000001332e+00,2.359375000000001332e+00,5.937500000000004441e-01,4.687500000000002665e+00,4.734375000000002665e+00,1.531250000000001332e+00,2.656250000000002220e+00,-2.875000000000002220e+00,-5.984375000000004441e+00,-3.750000000000002665e+00,-3.031250000000002665e+00,3.812500000000001776e+00,7.062500000000003553e+00,5.781250000000003553e+00,1.375000000000001332e+00,-8.406250000000005329e+00,-1.501562500000001066e+01,-1.742187500000001066e+01,-1.303125000000000711e+01,-4.296875000000002665e+00,6.078125000000003553e+00,1.068750000000000711e+01,9.296875000000005329e+00,7.781250000000005329e+00,2.328125000000001776e+00,4.734375000000002665e+00,1.045312500000000711e+01,1.198437500000000711e+01,1.557812500000001066e+01,1.148437500000000711e+01,5.921875000000003553e+00,2.921875000000002220e+00,-7.500000000000013323e-01,-2.140625000000002220e+00,-2.984375000000001776e+00,-2.500000000000001776e+00,-3.250000000000001776e+00,5.937500000000008882e-01,2.125000000000001776e+00,1.171875000000001554e+00,3.046875000000002220e+00,-3.906250000000002220e+00,-7.593750000000005329e+00,-1.090625000000000711e+01,-1.742187500000001066e+01,-1.375000000000000711e+01,-1.239062500000000711e+01,-7.562500000000005329e+00,1.421875000000001554e+00,9.843750000000013323e-01,4.593750000000003553e+00,1.843750000000000888e+00,-5.109375000000003553e+00,-3.093750000000002665e+00,-7.078125000000005329e+00,-3.953125000000003109e+00,1.968750000000000888e+00,-4.687500000000001388e-02,3.984375000000003109e+00,4.484375000000003553e+00,4.109375000000003553e+00,7.375000000000005329e+00,5.781250000000003553e+00,1.953125000000000888e+00,-1.421875000000001554e+00,-3.218750000000002220e+00,-3.062500000000002220e+00,1.093750000000000222e+00,3.109375000000001776e+00,2.531250000000001776e+00,2.765625000000001776e+00,7.343750000000006661e-01,1.593750000000001110e+00,3.343750000000002220e+00,2.515625000000001776e+00,2.796875000000001776e+00,2.375000000000001776e+00,5.156250000000003331e-01,2.343750000000001776e+00,2.296875000000001776e+00,-1.031250000000000444e+00,-7.656250000000001110e-01,-2.734375000000001332e+00,-8.750000000000000000e-01,6.750000000000003553e+00,9.937500000000007105e+00,1.131250000000000711e+01,8.234375000000005329e+00,-1.875000000000000000e-01,-7.515625000000004441e+00,-1.060937500000000711e+01,-1.276562500000000888e+01,-1.178125000000000711e+01,-7.296875000000005329e+00,-7.046875000000005329e+00,-3.687500000000002665e+00,-2.343750000000000888e+00,-4.218750000000001776e+00,-3.078125000000001776e+00,-3.218750000000001776e+00,-4.375000000000004441e-01,3.093750000000001776e+00,7.484375000000004441e+00,8.687500000000005329e+00,7.046875000000005329e+00,6.046875000000003553e+00,8.750000000000006661e-01,-1.031250000000000444e+00,-1.031250000000000666e+00,-2.546875000000001776e+00,-2.171875000000001776e+00,-2.296875000000001776e+00,-2.421875000000001776e+00,-1.875000000000001554e+00,2.515625000000001776e+00,8.234375000000007105e+00,1.045312500000000711e+01,1.325000000000000888e+01,8.875000000000007105e+00,-1.109375000000001332e+00,-6.406250000000005329e+00,-1.071875000000000711e+01,-7.718750000000006217e+00,1.953125000000001110e+00,8.390625000000005329e+00,1.007812500000000711e+01,4.750000000000002665e+00,-4.078125000000002665e+00,-1.225000000000000711e+01,-1.295312500000000711e+01,-9.437500000000005329e+00,-4.609375000000002665e+00,2.468750000000001332e+00,1.546875000000000444e+00,1.203125000000000444e+00,-1.156250000000001332e+00,-4.593750000000003553e+00,-1.937500000000000888e+00,-8.593750000000004441e-01,3.718750000000002665e+00,3.828125000000002665e+00,1.718750000000000444e+00,7.968750000000000000e-01,-3.734375000000002665e+00,5.468750000000004441e-01,4.343750000000003553e+00,4.187500000000003553e+00,6.375000000000005329e+00,-2.968750000000000000e-01,-4.500000000000003553e+00,-2.921875000000001776e+00,-4.031250000000002665e+00,2.015625000000001332e+00,2.515625000000001776e+00,-2.656250000000006661e-01,2.750000000000001332e+00,-1.187500000000000444e+00,5.000000000000008882e-01,1.390625000000001332e+00,-6.328125000000003553e+00,-8.203125000000005329e+00,-1.028125000000000711e+01,-9.859375000000007105e+00,1.874999999999986677e-01,7.812500000000004441e+00,1.018750000000000533e+01,1.123437500000000711e+01,3.609375000000002220e+00,-3.031250000000001776e+00,-5.078125000000003553e+00,-7.890625000000005329e+00,-5.640625000000003553e+00,-5.796875000000003553e+00,-5.421875000000003553e+00,-7.968750000000007772e-01,2.265625000000000888e+00,8.546875000000005329e+00,1.134375000000000711e+01,6.906250000000003553e+00,5.625000000000003553e+00,4.484375000000002665e+00,7.171875000000004441e+00,1.692187500000001066e+01,1.815625000000001421e+01,1.348437500000001066e+01,4.000000000000003553e+00,-1.279687500000000711e+01,-1.917187500000001421e+01,-1.842187500000001066e+01,-1.407812500000000711e+01,-2.250000000000001332e+00,2.750000000000001776e+00,2.031250000000001332e+00,5.937500000000001110e-01,-4.421875000000003553e+00,-7.359375000000005329e+00,-4.296875000000002665e+00,8.281250000000009992e-01,5.328125000000003553e+00,1.015625000000000711e+01,1.307812500000000888e+01,1.212500000000000711e+01,1.371875000000000711e+01,1.473437500000001066e+01,8.375000000000005329e+00,3.312500000000001776e+00,-8.250000000000005329e+00,-2.039062500000001421e+01,-2.128125000000001421e+01,-2.378125000000001421e+01,-1.581250000000001066e+01,-5.281250000000003553e+00,-3.125000000000001332e+00,5.609375000000003553e+00,6.093750000000003553e+00,3.140625000000002665e+00,6.218750000000004441e+00,1.875000000000001110e+00,-1.874999999999997780e-01,7.031250000000006661e-01,-1.078125000000000444e+00,1.718750000000001332e+00,6.843750000000003553e+00,8.968750000000005329e+00,8.562500000000005329e+00,5.687500000000003553e+00,-1.343750000000000000e+00,-5.328125000000003553e+00,-5.218750000000003553e+00,-5.593750000000003553e+00,-3.437500000000002220e+00,-2.312500000000001776e+00,-3.218750000000002665e+00,-2.296875000000001776e+00,2.031250000000001110e-01,1.796875000000001110e+00,3.265625000000001776e+00,4.921875000000002665e+00,2.500000000000001332e+00,6.718750000000005551e-01,-1.562500000000000888e+00,-3.984375000000002665e+00,-3.843750000000002665e+00,-4.062500000000002665e+00,-2.343750000000002220e-01,1.593750000000001110e+00,2.562500000000001332e+00,5.781250000000003553e+00,2.578125000000001776e+00,6.250000000000003331e-01,6.562500000000003331e-01,-3.546875000000002665e+00,-2.187500000000001776e+00,1.031250000000000666e+00,2.109375000000001776e+00,6.640625000000004441e+00,8.265625000000005329e+00,8.375000000000005329e+00,8.734375000000005329e+00,6.125000000000004441e+00,3.109375000000002665e+00,-2.875000000000001776e+00,-9.078125000000005329e+00,-1.089062500000000711e+01,-1.292187500000000888e+01,-1.093750000000000711e+01,-7.718750000000006217e+00,-7.109375000000005329e+00,-2.125000000000001332e+00,3.234375000000002220e+00,6.250000000000004441e+00,7.171875000000005329e+00,4.500000000000003553e+00,-2.437500000000001776e+00,-5.125000000000003553e+00,-3.765625000000002665e+00,-3.843750000000003109e+00,1.156250000000000444e+00,3.671875000000002665e+00,3.296875000000001776e+00,5.562500000000003553e+00,4.046875000000003553e+00,-2.812500000000004441e-01,-1.500000000000001110e+00,-3.625000000000003109e+00,-2.343750000000002220e+00,3.500000000000002220e+00,3.203125000000001776e+00,3.937500000000002665e+00,-4.375000000000000000e-01,-7.156250000000005329e+00,-5.343750000000003553e+00,-5.343750000000003553e+00,3.125000000000000000e-01,7.156250000000005329e+00,6.875000000000005329e+00,8.593750000000007105e+00,5.812500000000003553e+00,1.375000000000000888e+00,-7.187500000000002220e-01,-5.484375000000003553e+00,-6.890625000000004441e+00,-6.250000000000004441e+00,-4.312500000000003553e+00,7.500000000000002220e-01,2.937500000000001776e+00,1.609375000000000666e+00,-3.125000000000027756e-02,-4.890625000000002665e+00,-8.265625000000005329e+00,-6.515625000000003553e+00,-7.500000000000004441e+00,-4.546875000000002665e+00,1.546875000000001776e+00,4.046875000000003553e+00,1.145312500000000711e+01,1.406250000000000888e+01,9.500000000000005329e+00,5.906250000000003553e+00,-2.843750000000002220e+00,-6.078125000000004441e+00,-3.265625000000002220e+00,-5.000000000000006661e-01,4.796875000000003553e+00,5.296875000000003553e+00,4.609375000000002665e+00,2.718750000000001776e+00,1.203125000000000666e+00,7.656250000000003331e-01,-2.531250000000001776e+00,-2.562500000000001776e+00,-3.140625000000001776e+00,-1.125000000000000222e+00,2.984375000000002665e+00,3.359375000000002665e+00,3.500000000000002665e+00,2.500000000000002220e-01,-3.328125000000002665e+00,-3.765625000000002665e+00,-3.937500000000002665e+00,-2.781250000000001776e+00,1.187500000000000888e+00,1.343750000000000888e+00,1.250000000000000666e+00,4.078125000000002665e+00,8.906250000000004441e-01,1.390625000000000444e+00,1.781250000000000666e+00,-4.656250000000003553e+00,-5.250000000000003553e+00,-8.187500000000007105e+00,-1.164062500000000711e+01,-6.625000000000003553e+00,-5.968750000000003553e+00,-2.625000000000001332e+00,3.718750000000002220e+00,1.843750000000000888e+00,3.437500000000002220e+00,3.531250000000002220e+00,-1.046875000000000444e+00,1.546875000000000888e+00,3.453125000000001776e+00,3.000000000000001776e+00,7.171875000000003553e+00,5.578125000000002665e+00,6.249999999999977796e-02,-1.765625000000001332e+00,-6.500000000000003553e+00,-7.828125000000003553e+00,-2.578125000000000888e+00,-7.812499999999955591e-02,3.515625000000002665e+00,6.906250000000005329e+00,3.921875000000002665e+00,4.296875000000002665e+00,2.953125000000001776e+00,3.281250000000001110e-01,2.843750000000001776e+00,7.812500000000008882e-01,3.125000000000004441e-01,-1.093750000000000000e-01,-5.375000000000003553e+00,-7.000000000000005329e+00,-6.906250000000005329e+00,-7.281250000000005329e+00,-2.187500000000000888e+00,9.218750000000008882e-01,-8.906250000000003331e-01,1.468750000000001332e+00,-2.203125000000001332e+00,-3.718750000000002220e+00,1.562500000000022204e-02,-3.031250000000001332e+00,-6.406250000000000000e-01,-1.250000000000000888e+00,-4.671875000000003553e+00,-2.687500000000001776e+00,-3.250000000000001776e+00,-1.890625000000001332e+00,-5.625000000000002220e-01,-5.156250000000002220e-01,6.250000000000005551e-01,3.312500000000001776e+00,7.234375000000003553e+00,1.032812500000000711e+01,1.007812500000000711e+01,5.781250000000003553e+00,1.531250000000001332e+00,-2.609375000000001776e+00,-2.796875000000001776e+00,1.109375000000000444e+00,1.968750000000000888e+00,2.093750000000001332e+00,1.375000000000000666e+00,-3.000000000000001776e+00,-2.968750000000001776e+00,-2.250000000000001332e+00,-2.906250000000001776e+00,-1.203125000000000888e+00,-2.468750000000001776e+00,-6.562500000000004441e-01,1.515625000000000888e+00,2.375000000000001332e+00,4.765625000000002665e+00,1.328125000000000444e+00,-1.312500000000000888e+00,-8.750000000000005551e-01,-1.859375000000001332e+00,1.359375000000000666e+00,4.671875000000002665e+00,2.625000000000001776e+00,1.421875000000000888e+00,-2.250000000000001776e+00,-6.390625000000004441e+00,-5.359375000000003553e+00,-3.171875000000001776e+00,2.281250000000001776e+00,6.875000000000005329e+00,9.031250000000005329e+00,7.828125000000005329e+00,4.000000000000001776e+00,2.093750000000001332e+00,-1.437500000000000888e+00,-1.328125000000000888e+00,-1.062500000000000888e+00,-3.812500000000002665e+00,-2.906250000000001776e+00,-2.671875000000001776e+00,-2.937500000000001776e+00,5.625000000000004441e-01,2.187500000000001332e+00,2.812499999999998335e-01,1.203125000000000666e+00,2.031250000000002220e-01,-1.296875000000000888e+00,2.765625000000001332e+00,2.812500000000001332e+00,2.062500000000001332e+00,2.421875000000001776e+00,-2.281250000000000888e+00,-3.093750000000001776e+00,-2.109375000000001332e+00,-2.578125000000001776e+00,7.031250000000004441e-01,2.828125000000001776e+00,3.937500000000002220e+00,6.812500000000003553e+00,6.984375000000003553e+00,4.265625000000001776e+00,5.000000000000000000e-01,-3.375000000000001776e+00,-5.937500000000003553e+00,-5.593750000000003553e+00,-2.843750000000001776e+00,-2.234375000000001332e+00,-3.437500000000004441e-01,1.750000000000000888e+00,1.359375000000000888e+00,2.250000000000001332e+00,-5.156250000000004441e-01,-4.031250000000002665e+00,-4.671875000000002665e+00,-3.734375000000001776e+00,1.937500000000001110e+00,6.828125000000003553e+00,8.687500000000005329e+00,7.796875000000003553e+00,1.421875000000000888e+00,-3.734375000000001776e+00,-6.203125000000003553e+00,-6.718750000000003553e+00,-2.156250000000000888e+00,1.015625000000000888e+00,8.437500000000009992e-01,-4.843750000000001110e-01,-4.265625000000002665e+00,-6.281250000000003553e+00,-3.484375000000002220e+00,3.125000000000022204e-02,3.421875000000002220e+00,5.750000000000003553e+00,2.406250000000001332e+00,-6.875000000000004441e-01,-2.328125000000001332e+00,-4.437500000000002665e+00,-1.984375000000001332e+00,2.656250000000001110e-01,-4.218750000000002776e-01,2.031250000000000555e-01,-9.531250000000007772e-01,-3.046875000000002220e+00,-1.375000000000001110e+00,-6.406250000000004441e-01,7.187500000000006661e-01,2.281250000000001776e+00,1.718750000000001332e+00,1.375000000000000888e+00,-7.031250000000003331e-01,-1.609375000000000888e+00,-2.187500000000001332e+00,-1.312500000000000888e+00,1.250000000000000888e+00,4.109375000000002665e+00,5.640625000000003553e+00,3.718750000000001776e+00,2.250000000000001332e+00,-1.734375000000001110e+00,-2.734375000000001776e+00,-1.390625000000000888e+00,-1.640625000000001110e+00,1.718750000000001665e-01,4.687500000000011102e-02,1.062500000000000888e+00,1.906250000000001332e+00,1.750000000000001110e+00,1.531250000000000888e+00,-2.109375000000001776e+00,-3.312500000000002665e+00,-3.109375000000002665e+00,-3.125000000000002665e+00,1.203125000000000666e+00,1.859375000000001110e+00,4.375000000000004441e-01,3.750000000000003331e-01,-4.828125000000002665e+00,-5.718750000000003553e+00,-4.062500000000003553e+00,-4.000000000000003553e+00,1.343750000000000444e+00,4.000000000000001776e+00,4.265625000000002665e+00,5.937500000000004441e+00,3.421875000000003109e+00,8.593750000000007772e-01,-1.281250000000000888e+00,-4.078125000000002665e+00,-3.187500000000001776e+00,-2.625000000000001776e+00,1.000000000000000000e+00,4.656250000000002665e+00,3.484375000000002220e+00,5.437500000000003553e+00,1.593750000000001332e+00,-1.968750000000000888e+00,3.593750000000004996e-01,-2.187500000000001332e+00,1.296875000000001332e+00,3.093750000000002220e+00,-4.843750000000003331e-01,4.687500000000003331e-01,-2.640625000000001776e+00,-1.812500000000001332e+00,1.296875000000000888e+00,1.671875000000001332e+00,3.406250000000002665e+00,-7.656250000000002220e-01,-3.187500000000001776e+00,-3.953125000000002665e+00,-4.921875000000003553e+00,1.171875000000001110e+00,4.000000000000002665e+00,3.859375000000002665e+00,4.578125000000003553e+00,-2.062500000000001776e+00,-6.500000000000003553e+00,-6.390625000000003553e+00,-7.984375000000005329e+00,-2.484375000000001332e+00,2.281250000000001776e+00,2.703125000000001776e+00,4.562500000000002665e+00,-1.406250000000000000e-01,-4.328125000000002665e+00,-6.453125000000003553e+00,-7.500000000000003553e+00,-2.453125000000001332e+00,1.203125000000000666e+00,6.093750000000003553e+00,7.312500000000003553e+00,3.312500000000001776e+00,9.531250000000002220e-01,-2.453125000000001776e+00,-3.031250000000001776e+00,-8.125000000000005551e-01,1.687500000000001332e+00,1.437500000000001110e+00,2.453125000000001332e+00,4.625000000000002665e+00,3.640625000000001776e+00,8.437500000000005329e+00,9.031250000000005329e+00,7.000000000000003553e+00,9.515625000000007105e+00,5.875000000000003553e+00,4.984375000000003553e+00,4.218750000000003553e+00,-7.500000000000003331e-01,-2.406250000000001332e+00,-3.500000000000002665e+00,-2.234375000000001776e+00,3.171875000000001776e+00,8.875000000000007105e+00,1.264062500000001066e+01,1.300000000000001066e+01,9.171875000000007105e+00,4.828125000000003553e+00,3.125000000000001776e+00,5.000000000000003553e+00,2.718750000000001776e+00,-7.281250000000006217e+00,-2.892187500000001421e+01,-6.160937500000004263e+01,-7.931250000000005684e+01,-7.914062500000005684e+01,-5.720312500000004263e+01
2.662500000000001421e+01,5.212500000000001421e+01,2.031250000000000355e+01,9.187500000000003553e+00,1.937500000000001332e+00,-7.062500000000003553e+00,-2.625000000000001776e+00,-2.437500000000001776e+00,-5.500000000000003553e+00,5.625000000000000000e-01,5.687500000000002665e+00,5.937500000000002665e+00,8.687500000000003553e+00,2.500000000000000444e+00,-1.175000000000000533e+01,-7.250000000000003553e+00,9.250000000000003553e+00,6.625000000000003553e+00,-3.187500000000000888e+00,3.312500000000000888e+00,4.812500000000001776e+00,-7.375000000000002665e+00,-9.437500000000003553e+00,1.812500000000000888e+00,1.081250000000000355e+01,4.625000000000001776e+00,-3.250000000000001776e+00,5.312500000000002665e+00,8.687500000000003553e+00,-4.562500000000002665e+00,-1.300000000000000711e+01,-4.687500000000001776e+00,8.500000000000003553e+00,3.750000000000002220e+00,-4.312500000000001776e+00,3.875000000000001776e+00,2.750000000000001776e+00,-3.250000000000001332e+00,2.937500000000001332e+00,-9.375000000000000000e-01,-9.187500000000003553e+00,-5.312500000000001776e+00,1.875000000000001332e+00,7.562500000000003553e+00,4.000000000000001776e+00,-5.250000000000001776e+00,-8.812500000000003553e+00,-6.250000000000003553e+00,2.562500000000002220e+00,6.625000000000003553e+00,3.750000000000001332e+00,7.499999999999998890e-01,-6.062500000000003553e+00,-2.125000000000000888e+00,1.325000000000000711e+01,9.562500000000005329e+00,-7.812500000000003553e+00,-1.306250000000000711e+01,-3.500000000000001776e+00,1.293750000000000711e+01,1.425000000000000711e+01,-2.937500000000001776e+00,-7.625000000000004441e+00,-2.812500000000001776e+00,-6.625000000000002665e+00,-1.625000000000000000e+00,1.043750000000000533e+01,7.000000000000003553e+00,-6.687500000000003553e+00,-7.125000000000003553e+00,9.062500000000003553e+00,9.250000000000003553e+00,-6.687500000000002665e+00,-3.437500000000001332e+00,2.000000000000000888e+00,-7.750000000000003553e+00,-3.687500000000001776e+00,1.093750000000000533e+01,8.312500000000003553e+00,-2.250000000000001332e+00,1.625000000000000444e+00,5.312500000000001776e+00,-8.375000000000003553e+00,-1.206250000000000355e+01,3.875000000000002665e+00,1.100000000000000533e+01,4.812500000000002665e+00,-3.937500000000001332e+00,-4.812500000000002665e+00,5.562500000000001776e+00,3.187500000000001776e+00,-7.500000000000002665e+00,5.000000000000000000e-01,5.625000000000001776e+00,-4.062500000000001776e+00,-1.687500000000000444e+00,9.500000000000005329e+00,9.500000000000005329e+00,2.250000000000001332e+00,-4.187500000000001776e+00,-6.812500000000003553e+00,-4.375000000000004441e-01,5.062500000000001776e+00,-3.250000000000002220e+00,-1.206250000000000533e+01,-6.250000000000002665e+00,6.937500000000002665e+00,1.218750000000000533e+01,5.312500000000002665e+00,-3.187500000000001332e+00,-3.062500000000001332e+00,1.937500000000000444e+00,-8.750000000000004441e-01,-8.437500000000003553e+00,-3.437500000000000888e+00,4.000000000000001776e+00,-1.812500000000000888e+00,1.875000000000004441e-01,1.400000000000000533e+01,1.206250000000000355e+01,-7.125000000000003553e+00,-2.000000000000000711e+01,-8.750000000000001776e+00,9.437500000000005329e+00,4.812500000000001776e+00,-6.250000000000000000e-01,9.812500000000005329e+00,9.375000000000000000e-01,-1.850000000000000711e+01,-6.750000000000001776e+00,9.750000000000003553e+00,-2.125000000000001776e+00,-1.268750000000000711e+01,-6.125000000000003553e+00,2.312500000000000888e+00,7.187500000000003553e+00,1.312500000000000000e+00,-5.312500000000002665e+00,4.187500000000002665e+00,7.875000000000003553e+00,-5.062500000000003553e+00,-6.687500000000003553e+00,2.937500000000001776e+00,1.000000000000000888e+00,-1.125000000000000444e+00,4.250000000000001776e+00,4.375000000000004441e-01,-4.937500000000001776e+00,-2.625000000000000888e+00,1.187500000000000444e+00,3.312500000000001776e+00,1.250000000000002220e-01,-2.625000000000001332e+00,-3.500000000000001776e+00,-4.125000000000001776e+00,6.250000000000000000e-02,5.562500000000002665e+00,6.125000000000002665e+00,5.625000000000000000e-01,-5.437500000000002665e+00,-8.375000000000003553e+00,-1.187500000000000000e+00,1.050000000000000355e+01,3.875000000000000888e+00,-2.875000000000001776e+00,4.562500000000001776e+00,-2.125000000000000888e+00,-9.812500000000003553e+00,3.250000000000001776e+00,5.812500000000003553e+00,-4.187500000000001776e+00,-3.750000000000004441e-01,2.937500000000001332e+00,1.437500000000000888e+00,2.812500000000001776e+00,-5.437500000000002665e+00,-7.312500000000003553e+00,4.687500000000001776e+00,1.875000000000000000e+00,-4.625000000000001776e+00,7.062500000000003553e+00,1.062500000000000355e+01,-3.437500000000001776e+00,-8.812500000000003553e+00,-4.812500000000002665e+00,-6.000000000000003553e+00,-2.312500000000001776e+00,8.750000000000003553e+00,8.000000000000003553e+00,3.500000000000001776e+00,4.312500000000001776e+00,-5.687500000000002665e+00,-1.143750000000000533e+01,2.375000000000000888e+00,8.937500000000003553e+00,4.562500000000001776e+00,1.000000000000000666e+00,-9.062500000000003553e+00,-6.750000000000002665e+00,8.687500000000003553e+00,1.875000000000001776e+00,-6.250000000000001776e+00,5.250000000000003553e+00,3.312500000000002220e+00,-3.562500000000001332e+00,8.750000000000007772e-01,-4.875000000000002665e+00,-4.125000000000002665e+00,9.062500000000003553e+00,3.562500000000001776e+00,-5.062500000000002665e+00,-3.062500000000001332e+00,-4.437500000000001776e+00,-1.875000000000000000e-01,5.125000000000001776e+00,8.125000000000004441e-01,-2.750000000000000888e+00,-4.375000000000002220e-01,7.312500000000003553e+00,8.625000000000003553e+00,-5.375000000000002665e+00,-1.506250000000000711e+01,-2.687500000000001776e+00,1.387500000000000533e+01,8.937500000000003553e+00,-3.375000000000001776e+00,-2.437500000000001332e+00,-3.125000000000001110e-01,-5.875000000000003553e+00,-6.437500000000003553e+00,2.937500000000000888e+00,4.750000000000001776e+00,-2.062500000000000444e+00,-1.437500000000000444e+00,2.625000000000001332e+00,7.125000000000002665e+00,8.437500000000003553e+00,-5.062500000000001776e+00,-1.462500000000000711e+01,8.125000000000000000e-01,1.512500000000000711e+01,5.125000000000001776e+00,-9.250000000000005329e+00,-1.231250000000000533e+01,-5.875000000000001776e+00,9.312500000000003553e+00,1.406250000000000711e+01,-1.124999999999999112e+00,-8.000000000000003553e+00,-1.437500000000000888e+00,-1.875000000000000888e+00,-4.687500000000001776e+00,-5.000000000000000000e-01,5.625000000000006661e-01,-2.000000000000000888e+00,2.500000000000000888e+00,5.437500000000002665e+00,5.687500000000002665e+00,6.750000000000003553e+00,-3.562500000000002220e+00,-7.875000000000004441e+00,2.500000000000000888e+00,1.000000000000000444e+00,-5.000000000000001776e+00,-1.000000000000000444e+00,2.187500000000000888e+00,-2.500000000000000000e-01,-3.375000000000001332e+00,-1.187500000000000444e+00,3.500000000000001776e+00,4.562500000000001776e+00,1.250000000000000444e+00,8.750000000000005551e-01,3.625000000000001332e+00,2.499999999999993339e-01,-6.562500000000002665e+00,-6.500000000000002665e+00,2.500000000000000888e+00,6.250000000000002665e+00,3.187500000000001776e+00,-1.812500000000001110e+00,-1.093750000000000533e+01,-4.000000000000001776e+00,1.243750000000000533e+01,2.875000000000000888e+00,-1.381250000000000711e+01,-1.937500000000000000e+00,1.281250000000000711e+01,2.687500000000001776e+00,-2.937500000000000888e+00,1.000000000000000666e+00,-7.250000000000003553e+00,-7.500000000000003553e+00,3.750000000000001776e+00,5.750000000000002665e+00,3.125000000000001332e+00,4.375000000000001776e+00,2.812500000000001776e+00,-9.187500000000003553e+00,-8.687500000000003553e+00,1.218750000000000533e+01,1.068750000000000533e+01,-1.312500000000000533e+01,-9.500000000000003553e+00,1.368750000000000711e+01,8.812500000000003553e+00,-1.118750000000000355e+01,-6.875000000000002665e+00,5.562500000000002665e+00,2.937500000000001332e+00,-5.062500000000001776e+00,-8.812500000000003553e+00,6.250000000000000000e-02,1.143750000000000533e+01,6.000000000000003553e+00,-4.000000000000001776e+00,-4.000000000000001776e+00,-1.312500000000000444e+00,2.437500000000000888e+00,8.375000000000003553e+00,-1.250000000000008882e-01,-1.225000000000000711e+01,2.000000000000000000e+00,1.493750000000000711e+01,-1.250000000000000000e-01,-9.062500000000003553e+00,-4.875000000000001776e+00,-7.312500000000003553e+00,4.375000000000000000e-01,1.006250000000000355e+01,-3.312500000000001776e+00,-1.112500000000000533e+01,5.250000000000001776e+00,1.418750000000000711e+01,-1.875000000000000000e-01,-6.687500000000003553e+00,3.750000000000001776e+00,-2.812500000000000888e+00,-1.100000000000000533e+01,7.750000000000003553e+00,1.268750000000000533e+01,-8.375000000000005329e+00,-8.000000000000005329e+00,5.437500000000002665e+00,-2.562500000000001776e+00,-5.125000000000002665e+00,5.125000000000002665e+00,-3.500000000000001776e+00,-1.356250000000000711e+01,-4.562500000000001776e+00,7.375000000000001776e+00,1.500000000000000533e+01,8.812500000000003553e+00,-8.312500000000003553e+00,-8.812500000000003553e+00,6.250000000000022204e-02,6.250000000000022204e-02,2.500000000000000000e-01,4.375000000000003331e-01,2.812500000000001776e+00,8.750000000000003553e+00,2.625000000000000888e+00,-6.687500000000002665e+00,-8.062500000000003553e+00,-3.312500000000001332e+00,8.500000000000003553e+00,4.250000000000001776e+00,-8.062500000000003553e+00,1.312500000000000888e+00,5.125000000000001776e+00,-1.375000000000000888e+00,4.312500000000001776e+00,2.687500000000000888e+00,-5.312500000000001776e+00,-5.875000000000002665e+00,-6.437500000000003553e+00,6.250000000000000000e-02,1.131250000000000533e+01,1.062500000000000533e+01,-1.812500000000000000e+00,-6.812500000000003553e+00,-1.312500000000001110e+00,-7.750000000000003553e+00,-1.718750000000000711e+01,-4.312500000000001776e+00,1.250000000000000533e+01,1.068750000000000533e+01,8.062500000000003553e+00,3.750000000000000888e+00,-1.287500000000000711e+01,-1.137500000000000533e+01,7.500000000000003553e+00,1.568750000000000711e+01,1.181250000000000533e+01,-1.250000000000000000e+00,-7.000000000000002665e+00,5.625000000000004441e-01,2.312500000000001332e+00,-1.875000000000000555e-01,1.687500000000000888e+00,-1.625000000000000888e+00,-7.437500000000003553e+00,-1.937500000000000888e+00,5.437500000000002665e+00,7.687500000000004441e+00,8.125000000000008882e-01,-1.006250000000000533e+01,6.875000000000000000e-01,8.187500000000003553e+00,-9.750000000000005329e+00,-1.681250000000000711e+01,-4.187500000000001776e+00,7.062500000000002665e+00,2.000000000000000444e+00,-5.062500000000001776e+00,5.875000000000002665e+00,6.687500000000003553e+00,-3.312500000000001332e+00,-3.875000000000001776e+00,-7.437500000000002665e+00,-4.062500000000000888e+00,3.687500000000001332e+00,5.437500000000001776e+00,8.937500000000003553e+00,-4.375000000000001776e+00,-1.693750000000000711e+01,4.812500000000004441e+00,2.275000000000001066e+01,7.250000000000001776e+00,-1.237500000000000533e+01,-1.631250000000000711e+01,-5.062500000000002665e+00,1.468750000000000711e+01,1.475000000000000888e+01,-7.562500000000001776e+00,-1.412500000000000533e+01,4.500000000000001776e+00,1.306250000000000533e+01,-4.937500000000001776e+00,-1.037500000000000355e+01,1.125000000000000711e+01,1.125000000000000711e+01,-1.243750000000000533e+01,-1.081250000000000533e+01,8.687500000000003553e+00,1.368750000000000533e+01,1.875000000000000000e+00,-1.512500000000000711e+01,-1.193750000000000533e+01,6.250000000000003553e+00,1.112500000000000533e+01,1.087500000000000533e+01,7.437500000000003553e+00,-7.187500000000003553e+00,-1.087500000000000533e+01,-1.125000000000000444e+00,-7.500000000000000000e-01,-2.875000000000000888e+00,-2.687500000000001776e+00,-6.312500000000003553e+00,2.500000000000000000e-01,7.062500000000003553e+00,-1.875000000000000000e-01,-5.937500000000003553e+00,-4.000000000000002665e+00,1.250000000000000000e-01,1.937500000000001332e+00,8.750000000000006661e-01,3.875000000000001776e+00,1.068750000000000533e+01,1.437500000000000888e+00,-1.262500000000000711e+01,2.000000000000000000e+00,1.093750000000000355e+01,-9.875000000000005329e+00,-8.125000000000003553e+00,1.375000000000000711e+01,2.562500000000001776e+00,-1.537500000000000711e+01,-1.312500000000000888e+00,7.312500000000003553e+00,1.750000000000001110e+00,1.037500000000000355e+01,8.812500000000003553e+00,-4.687500000000002665e+00,-1.250000000000000888e+00,-4.375000000000001776e+00,-1.806250000000000711e+01,-7.625000000000003553e+00,1.712500000000000711e+01,2.225000000000001066e+01,5.187500000000001776e+00,-1.325000000000000533e+01,-1.643750000000000711e+01,-5.312500000000003553e+00,3.187500000000001776e+00,3.062500000000001776e+00,-1.000000000000000888e+00,-1.437500000000001110e+00,7.687500000000003553e+00,3.437500000000001776e+00,-1.118750000000000533e+01,-5.875000000000002665e+00,4.250000000000002665e+00,9.375000000000002220e-01,2.000000000000000888e+00,1.143750000000000533e+01,1.250000000000000000e-01,-1.643750000000000711e+01,-3.000000000000001776e+00,6.125000000000001776e+00,2.187500000000000888e+00,1.250000000000000711e+01,8.937500000000003553e+00,-1.506250000000000711e+01,-2.025000000000001066e+01,2.687500000000001776e+00,2.043750000000001066e+01,5.500000000000002665e+00,-9.875000000000003553e+00,-6.500000000000002665e+00,-3.000000000000001332e+00,7.375000000000003553e+00,8.687500000000003553e+00,-4.187500000000001776e+00,-2.437500000000000888e+00,-5.000000000000002665e+00,-1.493750000000000711e+01,-3.187500000000000888e+00,9.812500000000005329e+00,1.100000000000000533e+01,1.200000000000000711e+01,6.250000000000000000e-02,-1.343750000000000711e+01,-7.750000000000003553e+00,2.375000000000001332e+00,4.250000000000001776e+00,1.187500000000000444e+00,-2.062500000000000888e+00,-8.812500000000003553e+00,-8.875000000000003553e+00,8.875000000000003553e+00,1.693750000000000711e+01,7.062500000000004441e+00,-1.437500000000000222e+00,-1.325000000000000711e+01,-1.293750000000000711e+01,1.156250000000000711e+01,2.400000000000001066e+01,1.406250000000000533e+01,-8.750000000000000000e-01,-1.200000000000000533e+01,-1.468750000000000711e+01,-1.543750000000000711e+01,-3.062500000000000888e+00,1.475000000000000711e+01,3.187500000000000000e+00,-6.125000000000003553e+00,8.937500000000003553e+00,7.500000000000000000e-01,-1.693750000000000711e+01,-1.687500000000000000e+00,6.812500000000003553e+00,-5.687500000000002665e+00,6.000000000000002665e+00,1.881250000000000711e+01,-2.750000000000001776e+00,-1.381250000000000711e+01,5.312500000000001776e+00,1.912500000000000711e+01,1.293750000000000533e+01,-8.312500000000001776e+00,-1.968750000000000711e+01,-1.156250000000000533e+01,-4.125000000000001776e+00,4.375000000000004441e-01,-4.000000000000001776e+00,-3.375000000000001776e+00,1.143750000000000355e+01,2.187500000000000000e+00,-6.687500000000003553e+00,8.812500000000003553e+00,6.875000000000000000e-01,-1.093750000000000533e+01,8.187500000000001776e+00,1.037500000000000355e+01,-1.406250000000000711e+01,-1.406250000000000711e+01,1.387500000000000711e+01,2.462500000000001066e+01,2.312500000000000000e+00,-1.731250000000000711e+01,-8.562500000000003553e+00,1.625000000000000444e+00,1.687500000000000888e+00,7.562500000000004441e+00,1.875000000000000000e-01,-1.625000000000000711e+01,-1.312500000000000000e+00,1.668750000000000711e+01,-3.312500000000001776e+00,-1.400000000000000711e+01,9.500000000000007105e+00,1.412500000000000711e+01,-5.875000000000002665e+00,-9.937500000000003553e+00,7.500000000000008882e-01,4.312500000000002665e+00,2.500000000000002220e-01,-6.375000000000001776e+00,-7.437500000000002665e+00,9.875000000000007105e+00,1.487500000000000711e+01,-9.500000000000007105e+00,-1.025000000000000711e+01,1.018750000000000355e+01,4.375000000000001776e+00,-6.562500000000002665e+00,-5.562500000000001776e+00,-4.125000000000001776e+00,7.937500000000002665e+00,1.587500000000000711e+01,-1.500000000000000000e+00,-1.425000000000000711e+01,2.812500000000000888e+00,1.787500000000000711e+01,5.062500000000001776e+00,-1.043750000000000533e+01,-1.456250000000000711e+01,-1.193750000000000533e+01,6.625000000000001776e+00,1.681250000000000711e+01,-5.750000000000001776e+00,-2.343750000000000711e+01,-7.312500000000000888e+00,2.018750000000001066e+01,2.337500000000001066e+01,-3.937500000000001776e+00,-2.031250000000000711e+01,-3.437500000000001776e+00,4.687500000000001776e+00,-1.937500000000000666e+00,7.187500000000003553e+00,3.437500000000001776e+00,-1.406250000000000533e+01,1.875000000000000000e-01,1.931250000000000711e+01,4.500000000000001776e+00,-1.312500000000000533e+01,-8.687500000000003553e+00,1.875000000000000222e+00,2.437500000000000888e+00,2.062500000000000888e+00,9.687500000000003553e+00,4.312500000000002665e+00,-9.125000000000003553e+00,-1.118750000000000355e+01,-6.937500000000003553e+00,7.000000000000001776e+00,1.268750000000000533e+01,-1.562500000000000000e+00,-3.687500000000000888e+00,5.937500000000002665e+00,4.125000000000001776e+00,-3.687500000000001776e+00,-3.812500000000002220e+00,1.625000000000000444e+00,-1.937500000000000888e+00,-9.437500000000003553e+00,-4.125000000000001776e+00,9.250000000000003553e+00,1.425000000000000711e+01,-4.375000000000008882e-01,-1.768750000000000711e+01,-5.875000000000001776e+00,1.012500000000000355e+01,-1.562500000000001776e+00,-6.812500000000003553e+00,9.375000000000002220e-01,-3.062500000000001776e+00,-4.375000000000000000e-01,1.212500000000000533e+01,1.443750000000000711e+01,3.187500000000002220e+00,-1.150000000000000533e+01,-1.018750000000000355e+01,-1.812500000000000888e+00,-1.875000000000000278e-01,7.562500000000003553e+00,1.268750000000000533e+01,-8.750000000000017764e-01,-1.406250000000000711e+01,-3.937500000000001776e+00,1.225000000000000533e+01,1.100000000000000355e+01,-4.312500000000002665e+00,-1.962500000000001066e+01,-9.625000000000005329e+00,1.900000000000000711e+01,1.918750000000000711e+01,-1.087500000000000533e+01,-1.850000000000000711e+01,8.937500000000005329e+00,1.512500000000000711e+01,-1.287500000000000711e+01,-1.562500000000000711e+01,9.062500000000005329e+00,1.150000000000000533e+01,3.750000000000000000e-01,-5.375000000000002665e+00,-8.562500000000003553e+00,5.250000000000001776e+00,1.362500000000000533e+01,-2.812500000000001776e+00,-1.012500000000000533e+01,-4.687500000000001776e+00,-2.500000000000002220e-01,1.375000000000000666e+00,-5.187500000000001776e+00,-4.125000000000001776e+00,2.562500000000000888e+00,3.312500000000001776e+00,8.125000000000003553e+00,1.875000000000008882e-01,-1.200000000000000533e+01,1.875000000000000888e+00,7.937500000000003553e+00,-3.625000000000001776e+00,1.000000000000000000e+00,5.375000000000001776e+00,2.062500000000000888e+00,4.562500000000001776e+00,-5.312500000000001776e+00,-1.556250000000000711e+01,-2.812500000000001776e+00,9.937500000000003553e+00,7.875000000000002665e+00,-1.312500000000000888e+00,-5.750000000000002665e+00,3.000000000000001776e+00,6.375000000000003553e+00,-6.875000000000006661e-01,-4.000000000000001776e+00,-2.750000000000000888e+00,4.687500000000001776e+00,5.750000000000001776e+00,-3.125000000000001776e+00,-3.625000000000001776e+00,-4.750000000000001776e+00,-8.750000000000003553e+00,1.500000000000000000e+00,8.500000000000003553e+00,2.687500000000001332e+00,-1.875000000000000888e+00,-6.375000000000002665e+00,-1.187500000000000000e+00,4.562500000000002665e+00,-3.375000000000000888e+00,-1.062500000000000444e+00,4.750000000000001776e+00,-2.500000000000004441e-01,-4.250000000000001776e+00,-7.062500000000003553e+00,-1.812500000000000444e+00,1.075000000000000533e+01,6.375000000000002665e+00,-1.156250000000000355e+01,-9.937500000000003553e+00,8.000000000000003553e+00,1.093750000000000355e+01,3.937500000000001332e+00,5.437500000000001776e+00,6.875000000000000000e-01,-1.268750000000000533e+01,-6.500000000000002665e+00,7.437500000000002665e+00,4.250000000000001776e+00,3.250000000000001776e+00,4.125000000000001776e+00,-7.875000000000003553e+00,-8.812500000000003553e+00,3.312500000000001332e+00,5.500000000000002665e+00,1.562500000000000666e+00,-1.750000000000000888e+00,-6.875000000000002665e+00,-6.500000000000002665e+00,7.937500000000002665e+00,1.343750000000000533e+01,-2.687500000000001776e+00,-7.187500000000003553e+00,-1.437500000000000444e+00,-5.062500000000001776e+00,2.312500000000001776e+00,1.087500000000000533e+01,-1.312500000000000888e+00,-5.250000000000002665e+00,5.250000000000001776e+00,1.875000000000000444e+00,-1.043750000000000533e+01,-8.750000000000003553e+00,4.187500000000001776e+00,8.312500000000003553e+00,4.750000000000001776e+00,4.312500000000001776e+00,1.500000000000000888e+00,-6.500000000000003553e+00,-4.687500000000001776e+00,6.937500000000003553e+00,2.562500000000001776e+00,-5.937500000000003553e+00,1.375000000000000444e+00,-1.500000000000000000e+00,-7.875000000000002665e+00,5.125000000000002665e+00,6.062500000000002665e+00,-5.375000000000002665e+00,3.187500000000001776e+00,4.937500000000002665e+00,-1.025000000000000355e+01,-5.375000000000001776e+00,1.031250000000000533e+01,9.062500000000003553e+00,-3.750000000000001776e+00,-7.312500000000003553e+00,2.187500000000000888e+00,-3.125000000000000000e-01,-7.562500000000003553e+00,5.125000000000001776e+00,9.437500000000003553e+00,-6.875000000000003553e+00,-7.687500000000003553e+00,8.125000000000003553e+00,1.350000000000000711e+01,4.312500000000002665e+00,-1.081250000000000533e+01,-1.568750000000000888e+01,6.250000000000000000e-01,1.325000000000000711e+01,2.562500000000001776e+00,-8.000000000000003553e+00,-6.625000000000002665e+00,-4.375000000000000000e-01,1.050000000000000355e+01,1.106250000000000533e+01,-6.125000000000001776e+00,-1.743750000000000711e+01,-5.562500000000001776e+00,1.106250000000000533e+01,7.500000000000003553e+00,-2.125000000000001332e+00,2.437500000000000888e+00,8.562500000000003553e+00,9.375000000000000000e-01,-1.356250000000000533e+01,-1.162500000000000355e+01,6.000000000000002665e+00,8.687500000000003553e+00,4.374999999999997780e-01,1.937500000000000666e+00,-6.875000000000004441e-01,-1.025000000000000533e+01,-6.937500000000003553e+00,4.312500000000001776e+00,7.062500000000003553e+00,2.687500000000001332e+00,1.750000000000000888e+00,2.562500000000001332e+00,-7.250000000000003553e+00,-1.037500000000000355e+01,6.812500000000002665e+00,8.312500000000003553e+00,-7.125000000000003553e+00,-1.687500000000001776e+00,6.937500000000002665e+00,-3.125000000000001776e+00,-6.687500000000003553e+00,5.625000000000004441e-01,3.000000000000001332e+00,2.750000000000001332e+00,2.000000000000000888e+00,-2.750000000000001776e+00,-3.312500000000001776e+00,4.500000000000001776e+00,2.812500000000000888e+00,-7.562500000000003553e+00,-5.187500000000002665e+00,5.062500000000001776e+00,6.375000000000002665e+00,4.625000000000001776e+00,2.687500000000001332e+00,-6.687500000000003553e+00,-8.500000000000003553e+00,1.187500000000000444e+00,6.562500000000003553e+00,4.875000000000002665e+00,-3.312500000000000888e+00,-1.006250000000000355e+01,-1.375000000000000888e+00,1.362500000000000711e+01,7.812500000000004441e+00,-1.056250000000000355e+01,-8.687500000000003553e+00,2.875000000000000888e+00,2.812500000000000888e+00,-1.000000000000000444e+00,-2.250000000000000888e+00,2.937500000000001332e+00,6.562500000000002665e+00,-1.875000000000000888e+00,-7.875000000000003553e+00,-7.250000000000003553e+00,-1.875000000000000000e-01,1.018750000000000533e+01,1.125000000000001776e+00,-8.937500000000003553e+00,5.562500000000001776e+00,1.087500000000000355e+01,-4.375000000000002665e+00,-6.312500000000003553e+00,3.562500000000001776e+00,-7.500000000000000000e-01,-7.937500000000003553e+00,1.187500000000000888e+00,6.000000000000003553e+00,1.375000000000000444e+00,3.250000000000001776e+00,6.875000000000008882e-01,-2.187500000000000888e+00,-1.062500000000000666e+00,-5.062500000000002665e+00,-1.875000000000000000e-01,6.500000000000003553e+00,4.437500000000001776e+00,1.125000000000000666e+00,-7.875000000000003553e+00,-8.687500000000003553e+00,4.750000000000003553e+00,8.937500000000003553e+00,1.250000000000000000e-01,-1.875000000000000222e+00,3.250000000000001776e+00,-5.812500000000002665e+00,-1.125000000000000533e+01,4.375000000000001776e+00,7.500000000000003553e+00,1.250000000000000278e-01,4.687500000000001776e+00,3.062500000000000888e+00,-6.000000000000002665e+00,-9.250000000000003553e+00,-4.562500000000001776e+00,5.500000000000001776e+00,2.000000000000000000e+00,-4.437500000000001776e+00,6.750000000000003553e+00,8.750000000000003553e+00,-5.625000000000003553e+00,-1.031250000000000533e+01,-3.187500000000001776e+00,4.375000000000000555e-01,1.875000000000002776e-01,3.750000000000002220e+00,4.125000000000001776e+00,5.062500000000001776e+00,5.562500000000002665e+00,-9.812500000000005329e+00,-1.531250000000000711e+01,6.687500000000003553e+00,1.500000000000000711e+01,-1.687500000000000888e+00,-6.625000000000003553e+00,-2.437500000000001332e+00,-1.062500000000000666e+00,8.687500000000003553e+00,9.125000000000003553e+00,-1.562500000000000222e+00,-4.062500000000001776e+00,-6.875000000000002220e-01,8.500000000000003553e+00,7.812500000000003553e+00,-7.000000000000003553e+00,-6.062500000000003553e+00,4.062500000000001776e+00,-1.437500000000000000e+00,-7.187500000000003553e+00,1.937500000000000444e+00,9.875000000000003553e+00,8.375000000000003553e+00,7.062500000000002665e+00,2.187499999999999556e+00,-1.225000000000000533e+01,-1.331250000000000355e+01,1.100000000000000711e+01,2.400000000000001421e+01,3.875000000000001776e+00,-1.325000000000000711e+01,-2.868750000000001421e+01,-6.906250000000002842e+01,-5.593750000000001421e+01
6.475000000000001421e+01,1.400000000000000355e+01,-1.950000000000000355e+01,1.900000000000000355e+01,1.500000000000000444e+00,-1.925000000000000355e+01,1.925000000000000355e+01,-1.475000000000000355e+01,8.500000000000001776e+00,-1.300000000000000355e+01,1.875000000000000355e+01,-1.400000000000000355e+01,9.750000000000001776e+00,6.750000000000001776e+00,-1.350000000000000355e+01,-1.500000000000000000e+00,3.250000000000000888e+00,1.425000000000000355e+01,-2.000000000000000355e+01,9.500000000000001776e+00,9.000000000000001776e+00,-1.400000000000000355e+01,3.250000000000000888e+00,-4.000000000000000888e+00,5.750000000000001776e+00,9.250000000000001776e+00,-1.550000000000000355e+01,6.000000000000001776e+00,1.325000000000000178e+01,-1.500000000000000355e+01,6.750000000000001776e+00,-1.425000000000000178e+01,1.125000000000000178e+01,9.750000000000001776e+00,-2.225000000000000711e+01,1.475000000000000355e+01,7.000000000000001776e+00,-2.175000000000000711e+01,1.925000000000000711e+01,-2.250000000000000888e+00,-1.475000000000000355e+01,1.350000000000000355e+01,-1.250000000000000355e+01,9.000000000000001776e+00,7.250000000000001776e+00,-1.625000000000000355e+01,1.400000000000000355e+01,-1.750000000000000355e+01,8.500000000000003553e+00,6.250000000000001776e+00,-9.750000000000001776e+00,1.150000000000000355e+01,-6.000000000000001776e+00,-9.250000000000001776e+00,1.250000000000000178e+01,9.500000000000001776e+00,-1.700000000000000355e+01,8.500000000000001776e+00,-1.375000000000000355e+01,1.025000000000000355e+01,1.050000000000000178e+01,-5.250000000000000888e+00,-1.225000000000000355e+01,1.650000000000000355e+01,-1.250000000000000355e+01,-6.000000000000000888e+00,1.875000000000000355e+01,-1.200000000000000355e+01,1.375000000000000355e+01,-2.400000000000000711e+01,1.600000000000000355e+01,8.500000000000001776e+00,-1.150000000000000178e+01,-8.000000000000001776e+00,2.425000000000000711e+01,-2.525000000000000711e+01,7.000000000000000888e+00,3.500000000000000888e+00,6.000000000000001776e+00,-4.000000000000001776e+00,-7.750000000000001776e+00,1.850000000000000355e+01,-1.100000000000000355e+01,-1.075000000000000178e+01,9.250000000000001776e+00,4.750000000000000888e+00,-5.000000000000000888e+00,9.250000000000001776e+00,-1.600000000000000355e+01,8.000000000000001776e+00,1.275000000000000355e+01,-2.200000000000000711e+01,8.250000000000001776e+00,1.000000000000000178e+01,-1.225000000000000178e+01,5.000000000000002220e-01,7.000000000000000888e+00,1.250000000000000888e+00,1.250000000000000000e+00,-3.000000000000000888e+00,1.500000000000000888e+00,-1.100000000000000355e+01,1.850000000000000355e+01,-1.275000000000000355e+01,2.750000000000000444e+00,-1.050000000000000355e+01,9.750000000000003553e+00,7.500000000000000000e-01,5.500000000000000888e+00,-6.250000000000000888e+00,5.000000000000000000e-01,0.000000000000000000e+00,4.250000000000000888e+00,-5.000000000000000888e+00,-9.500000000000003553e+00,1.725000000000000355e+01,-1.000000000000000178e+01,-4.500000000000000888e+00,1.125000000000000355e+01,5.500000000000001776e+00,-5.500000000000001776e+00,-3.250000000000000888e+00,-1.575000000000000355e+01,1.900000000000000355e+01,2.000000000000000000e+00,-1.800000000000000355e+01,1.900000000000000355e+01,2.500000000000001776e+00,-1.475000000000000355e+01,-1.025000000000000178e+01,2.650000000000000711e+01,-1.500000000000000355e+01,-4.250000000000000888e+00,2.750000000000000444e+00,-2.750000000000000444e+00,2.000000000000000444e+00,1.100000000000000178e+01,-1.900000000000000355e+01,1.000000000000000178e+01,6.750000000000001776e+00,-5.250000000000001776e+00,-9.000000000000001776e+00,1.025000000000000178e+01,5.000000000000000000e-01,-1.050000000000000178e+01,1.100000000000000355e+01,2.250000000000000000e+00,-1.650000000000000355e+01,2.075000000000000355e+01,-2.375000000000000711e+01,2.375000000000000711e+01,-1.425000000000000355e+01,2.000000000000000444e+00,6.750000000000001776e+00,-1.625000000000000355e+01,1.675000000000000355e+01,-1.500000000000000355e+01,1.800000000000000355e+01,-1.050000000000000178e+01,1.750000000000000222e+00,1.250000000000000222e+00,-1.325000000000000355e+01,1.550000000000000355e+01,6.000000000000001776e+00,-2.325000000000000711e+01,2.375000000000000711e+01,-6.500000000000001776e+00,-1.125000000000000178e+01,3.750000000000000888e+00,1.550000000000000355e+01,-2.000000000000000355e+01,6.500000000000000888e+00,1.150000000000000355e+01,-2.200000000000000711e+01,2.475000000000000711e+01,-1.375000000000000178e+01,-5.750000000000001776e+00,6.750000000000001776e+00,8.500000000000001776e+00,-1.900000000000000711e+01,1.125000000000000355e+01,9.750000000000001776e+00,-1.075000000000000178e+01,1.000000000000000222e+00,-3.500000000000000888e+00,6.000000000000001776e+00,-1.550000000000000355e+01,1.500000000000000355e+01,3.250000000000000888e+00,-1.200000000000000355e+01,1.600000000000000355e+01,-6.000000000000001776e+00,-1.000000000000000178e+01,1.250000000000000000e+00,1.725000000000000355e+01,-2.100000000000000355e+01,2.125000000000000355e+01,-1.100000000000000178e+01,-1.275000000000000355e+01,1.675000000000000355e+01,5.250000000000000888e+00,-2.475000000000000711e+01,2.075000000000000355e+01,2.750000000000000888e+00,-2.075000000000000711e+01,2.150000000000000711e+01,-7.500000000000001776e+00,-1.525000000000000355e+01,2.125000000000000711e+01,-1.500000000000000000e+00,-1.675000000000000355e+01,2.050000000000000355e+01,-1.700000000000000355e+01,1.250000000000000000e+00,1.400000000000000355e+01,-1.675000000000000355e+01,1.550000000000000355e+01,-1.550000000000000355e+01,1.100000000000000178e+01,2.000000000000000444e+00,1.750000000000000888e+00,-1.300000000000000355e+01,1.000000000000000000e+00,4.750000000000001776e+00,1.450000000000000355e+01,-2.200000000000000711e+01,1.675000000000000355e+01,-1.125000000000000355e+01,8.250000000000001776e+00,-1.175000000000000355e+01,2.250000000000000888e+00,1.400000000000000355e+01,-1.900000000000000355e+01,1.375000000000000355e+01,-7.500000000000001776e+00,3.750000000000000888e+00,4.500000000000000888e+00,4.250000000000000888e+00,-1.775000000000000355e+01,3.500000000000000888e+00,1.250000000000000355e+01,-1.000000000000000000e+00,-6.750000000000001776e+00,0.000000000000000000e+00,-5.000000000000000888e+00,-1.250000000000000888e+00,1.825000000000000355e+01,-8.250000000000000000e+00,-1.025000000000000355e+01,1.425000000000000355e+01,-1.275000000000000355e+01,9.000000000000001776e+00,-1.375000000000000355e+01,1.900000000000000355e+01,-1.875000000000000355e+01,9.250000000000001776e+00,5.250000000000000888e+00,-1.050000000000000178e+01,1.400000000000000355e+01,-5.000000000000000000e-01,-1.825000000000000355e+01,1.625000000000000355e+01,1.000000000000000888e+00,-1.800000000000000355e+01,2.325000000000000711e+01,-2.525000000000000711e+01,2.850000000000000711e+01,-2.875000000000000711e+01,2.075000000000000711e+01,-1.275000000000000355e+01,8.250000000000001776e+00,3.250000000000001332e+00,-1.400000000000000355e+01,2.125000000000000711e+01,-1.875000000000000355e+01,1.475000000000000355e+01,-1.650000000000000355e+01,5.000000000000001776e+00,1.275000000000000178e+01,-1.975000000000000355e+01,2.400000000000000711e+01,-2.075000000000000711e+01,-2.000000000000000000e+00,1.250000000000000355e+01,5.000000000000000888e+00,-1.650000000000000355e+01,-5.000000000000000000e-01,1.325000000000000355e+01,3.250000000000000888e+00,-2.275000000000000711e+01,2.975000000000000711e+01,-2.050000000000000355e+01,-4.750000000000000888e+00,1.675000000000000355e+01,-1.625000000000000355e+01,1.900000000000000355e+01,-1.775000000000000355e+01,1.775000000000000355e+01,-6.750000000000000888e+00,-1.625000000000000355e+01,1.550000000000000355e+01,1.000000000000000355e+01,-1.250000000000000355e+01,-1.300000000000000355e+01,1.900000000000000711e+01,4.000000000000000000e+00,-1.075000000000000178e+01,-8.750000000000001776e+00,1.975000000000000355e+01,-1.500000000000000355e+01,9.500000000000001776e+00,-6.500000000000001776e+00,-1.100000000000000355e+01,2.475000000000000711e+01,-1.625000000000000355e+01,1.275000000000000355e+01,-1.750000000000000355e+01,1.775000000000000355e+01,-1.675000000000000355e+01,1.250000000000000355e+01,6.750000000000000888e+00,-1.925000000000000355e+01,2.750000000000000888e+00,1.600000000000000355e+01,-2.250000000000000000e+00,-1.900000000000000355e+01,2.225000000000000711e+01,-1.825000000000000711e+01,-1.750000000000000000e+00,1.725000000000000355e+01,-6.000000000000000888e+00,-1.400000000000000355e+01,1.150000000000000178e+01,2.500000000000000000e-01,1.300000000000000355e+01,-2.875000000000000711e+01,2.375000000000000711e+01,-1.500000000000000000e+00,-1.950000000000000711e+01,9.500000000000003553e+00,1.725000000000000355e+01,-1.550000000000000355e+01,-9.250000000000001776e+00,1.800000000000000355e+01,-3.750000000000000888e+00,-1.875000000000000355e+01,2.450000000000000711e+01,-9.000000000000001776e+00,-1.175000000000000178e+01,7.750000000000000888e+00,-3.250000000000000888e+00,4.250000000000001776e+00,1.275000000000000178e+01,-1.125000000000000178e+01,-1.000000000000000178e+01,1.900000000000000355e+01,-1.900000000000000355e+01,1.350000000000000355e+01,-5.750000000000001776e+00,0.000000000000000000e+00,1.250000000000000000e+00,1.575000000000000355e+01,-2.975000000000000711e+01,3.000000000000000711e+01,-3.250000000000000711e+01,2.100000000000000355e+01,7.500000000000000888e+00,-2.200000000000000355e+01,8.500000000000000000e+00,1.475000000000000355e+01,-2.425000000000000711e+01,1.700000000000000355e+01,4.500000000000000888e+00,-2.050000000000000355e+01,2.200000000000000355e+01,-2.125000000000000355e+01,7.000000000000000888e+00,6.250000000000001776e+00,-3.750000000000000888e+00,1.600000000000000355e+01,-3.100000000000000711e+01,2.950000000000000711e+01,-1.950000000000000711e+01,3.750000000000001332e+00,-1.600000000000000355e+01,2.125000000000000355e+01,-1.750000000000000222e+00,-1.025000000000000178e+01,2.525000000000000711e+01,-2.150000000000000355e+01,-7.750000000000002665e+00,1.775000000000000355e+01,-9.250000000000001776e+00,1.300000000000000355e+01,3.000000000000000000e+00,-2.350000000000000711e+01,2.825000000000000711e+01,-2.500000000000000711e+01,2.375000000000000711e+01,-2.525000000000000711e+01,2.950000000000000711e+01,-2.975000000000000711e+01,1.275000000000000178e+01,5.000000000000001776e+00,-1.475000000000000355e+01,2.950000000000000711e+01,-3.150000000000000711e+01,6.250000000000000888e+00,2.050000000000000355e+01,-2.025000000000000355e+01,-2.750000000000000888e+00,5.250000000000001776e+00,-1.125000000000000355e+01,2.800000000000000711e+01,-3.450000000000000711e+01,1.775000000000000355e+01,1.500000000000000355e+01,-3.300000000000000711e+01,3.225000000000000711e+01,-2.200000000000000711e+01,-4.000000000000001776e+00,2.225000000000000711e+01,-2.550000000000000711e+01,2.125000000000000355e+01,4.750000000000000888e+00,-3.100000000000000711e+01,1.850000000000000355e+01,4.000000000000000888e+00,1.150000000000000355e+01,-2.200000000000000711e+01,1.350000000000000355e+01,-2.150000000000000355e+01,1.625000000000000355e+01,1.175000000000000178e+01,-1.325000000000000178e+01,-2.000000000000000444e+00,-6.000000000000000888e+00,2.075000000000000355e+01,-7.750000000000000888e+00,-1.525000000000000355e+01,1.075000000000000355e+01,1.725000000000000355e+01,-1.975000000000000355e+01,-7.250000000000000888e+00,1.800000000000000355e+01,-1.000000000000000355e+01,1.550000000000000355e+01,-1.200000000000000355e+01,-1.550000000000000355e+01,2.150000000000000711e+01,-8.250000000000001776e+00,3.000000000000000888e+00,1.150000000000000355e+01,-9.000000000000003553e+00,-7.000000000000001776e+00,4.250000000000000888e+00,6.000000000000001776e+00,-1.700000000000000355e+01,1.900000000000000355e+01,-1.375000000000000355e+01,-7.750000000000002665e+00,2.925000000000000711e+01,-3.350000000000000711e+01,3.150000000000000711e+01,-3.500000000000000711e+01,3.200000000000000711e+01,-2.650000000000000711e+01,2.300000000000000711e+01,-1.825000000000000355e+01,1.250000000000000178e+01,9.500000000000001776e+00,-2.025000000000000355e+01,-2.000000000000000000e+00,2.850000000000000711e+01,-2.250000000000000355e+01,-9.000000000000003553e+00,1.950000000000000711e+01,5.000000000000000000e+00,-2.350000000000000711e+01,5.250000000000001776e+00,1.900000000000000355e+01,-2.375000000000000711e+01,1.275000000000000355e+01,1.725000000000000355e+01,-2.800000000000000711e+01,1.650000000000000355e+01,1.500000000000000000e+00,-1.525000000000000355e+01,-3.500000000000000000e+00,1.075000000000000178e+01,7.000000000000001776e+00,5.250000000000001776e+00,-1.350000000000000355e+01,4.500000000000000888e+00,-1.800000000000000355e+01,2.800000000000000711e+01,-2.975000000000000711e+01,3.125000000000000711e+01,-2.825000000000000711e+01,1.250000000000000355e+01,1.850000000000000355e+01,-3.650000000000000711e+01,2.700000000000000711e+01,-2.025000000000000711e+01,2.300000000000000711e+01,-2.500000000000000711e+01,1.975000000000000355e+01,7.250000000000002665e+00,-2.475000000000000711e+01,2.000000000000001776e+00,2.600000000000000711e+01,-3.625000000000000711e+01,3.025000000000000711e+01,-7.500000000000000000e-01,-9.500000000000001776e+00,-6.500000000000001776e+00,-4.500000000000000000e+00,1.475000000000000355e+01,1.425000000000000355e+01,-3.925000000000000711e+01,3.900000000000000711e+01,-3.175000000000000711e+01,9.750000000000003553e+00,2.275000000000000355e+01,-3.200000000000000711e+01,1.900000000000000355e+01,-1.500000000000000000e+00,-1.250000000000000355e+01,-5.000000000000001776e+00,2.225000000000000711e+01,-2.025000000000000355e+01,1.925000000000000355e+01,4.500000000000001776e+00,-2.675000000000000711e+01,2.350000000000000711e+01,-2.450000000000000711e+01,2.850000000000000711e+01,-2.475000000000000711e+01,1.950000000000000711e+01,-1.425000000000000355e+01,2.250000000000000888e+00,-1.200000000000000355e+01,3.650000000000000711e+01,-3.325000000000000711e+01,2.750000000000000711e+01,-1.625000000000000355e+01,-9.250000000000001776e+00,4.750000000000000000e+00,2.225000000000000711e+01,-1.800000000000000355e+01,2.475000000000000355e+01,-2.850000000000000711e+01,1.175000000000000355e+01,-5.000000000000000888e+00,-2.000000000000000355e+01,2.975000000000000711e+01,-3.000000000000000000e+00,-2.250000000000000711e+01,2.175000000000000711e+01,5.750000000000001776e+00,-2.475000000000000711e+01,3.000000000000001776e+00,2.400000000000000711e+01,-2.750000000000000711e+01,6.000000000000001776e+00,1.925000000000000711e+01,-3.000000000000001776e+00,-2.475000000000000711e+01,2.300000000000000711e+01,-6.000000000000001776e+00,9.250000000000001776e+00,8.250000000000001776e+00,-3.575000000000000711e+01,2.925000000000000711e+01,-2.350000000000000711e+01,7.000000000000000888e+00,1.525000000000000355e+01,-3.650000000000000711e+01,3.400000000000000711e+01,1.500000000000000000e+00,-3.350000000000000711e+01,3.425000000000000711e+01,-2.750000000000000000e+00,-2.675000000000000711e+01,2.275000000000000355e+01,2.500000000000000888e+00,-4.000000000000000888e+00,-2.175000000000000355e+01,2.200000000000000355e+01,-2.500000000000000000e-01,1.550000000000000355e+01,-2.825000000000000711e+01,8.250000000000001776e+00,5.500000000000001776e+00,-8.250000000000001776e+00,1.750000000000000444e+00,1.900000000000000355e+01,-2.875000000000000711e+01,3.000000000000001776e+00,1.775000000000000355e+01,1.750000000000000000e+00,-3.000000000000000711e+01,2.225000000000000355e+01,1.025000000000000355e+01,-1.825000000000000355e+01,9.000000000000001776e+00,-1.325000000000000355e+01,2.200000000000000711e+01,-2.325000000000000711e+01,2.225000000000000355e+01,-2.325000000000000711e+01,5.000000000000001776e+00,2.400000000000000711e+01,-1.575000000000000355e+01,-1.825000000000000355e+01,2.850000000000000711e+01,-6.500000000000000888e+00,-1.550000000000000355e+01,2.275000000000000711e+01,-2.675000000000000711e+01,1.675000000000000355e+01,1.500000000000000444e+00,9.500000000000003553e+00,-2.375000000000000711e+01,9.250000000000001776e+00,9.000000000000001776e+00,5.250000000000001776e+00,-1.675000000000000355e+01,1.050000000000000355e+01,-1.325000000000000355e+01,-6.500000000000001776e+00,3.250000000000000711e+01,-2.200000000000000355e+01,-5.000000000000004441e-01,-1.250000000000000355e+01,1.475000000000000355e+01,1.075000000000000178e+01,-2.500000000000000000e-01,-1.650000000000000355e+01,-6.000000000000001776e+00,3.200000000000000711e+01,-3.950000000000000711e+01,2.525000000000000355e+01,6.250000000000000888e+00,-2.175000000000000355e+01,1.750000000000000000e+00,1.700000000000000355e+01,3.000000000000000000e+00,-2.200000000000000355e+01,1.825000000000000355e+01,-2.250000000000000711e+01,3.075000000000000711e+01,-3.150000000000000711e+01,2.300000000000000711e+01,4.750000000000001776e+00,-2.300000000000000711e+01,2.025000000000000355e+01,-2.150000000000000711e+01,7.000000000000002665e+00,1.525000000000000355e+01,-9.250000000000001776e+00,-1.025000000000000178e+01,2.225000000000000711e+01,-2.050000000000000711e+01,2.250000000000000711e+01,-2.925000000000000711e+01,2.700000000000000711e+01,-1.725000000000000355e+01,8.000000000000001776e+00,-1.500000000000000355e+01,1.625000000000000355e+01,-6.250000000000001776e+00,1.650000000000000355e+01,-2.150000000000000711e+01,-6.000000000000001776e+00,2.250000000000000711e+01,-8.000000000000001776e+00,-1.700000000000000355e+01,2.575000000000000711e+01,-1.875000000000000355e+01,2.500000000000000000e-01,1.325000000000000355e+01,-7.000000000000001776e+00,1.475000000000000355e+01,-1.250000000000000355e+01,-1.100000000000000178e+01,2.100000000000000355e+01,-2.350000000000000711e+01,1.725000000000000355e+01,-1.750000000000000444e+00,6.750000000000001776e+00,-1.125000000000000178e+01,-9.250000000000001776e+00,2.300000000000000355e+01,-1.400000000000000178e+01,1.525000000000000355e+01,-1.575000000000000355e+01,-1.275000000000000355e+01,2.000000000000000355e+01,5.750000000000000888e+00,-2.500000000000000000e-01,-2.400000000000000711e+01,1.100000000000000355e+01,2.125000000000000355e+01,-1.900000000000000355e+01,-1.100000000000000178e+01,1.050000000000000178e+01,1.625000000000000355e+01,-2.875000000000000711e+01,3.250000000000000711e+01,-3.150000000000000711e+01,8.250000000000003553e+00,2.050000000000000355e+01,-1.700000000000000355e+01,-2.000000000000000888e+00,8.500000000000001776e+00,-1.500000000000000355e+01,1.525000000000000355e+01,-4.000000000000000000e+00,-1.850000000000000355e+01,3.125000000000000711e+01,-2.975000000000000711e+01,1.975000000000000355e+01,6.250000000000000888e+00,-2.325000000000000711e+01,7.000000000000002665e+00,1.875000000000000355e+01,-2.275000000000000711e+01,5.500000000000000888e+00,1.800000000000000355e+01,-2.875000000000000711e+01,2.925000000000000711e+01,-1.375000000000000355e+01,-5.250000000000000888e+00,-6.000000000000000888e+00,1.900000000000000355e+01,-1.650000000000000355e+01,2.100000000000000711e+01,-2.350000000000000711e+01,9.750000000000001776e+00,1.150000000000000178e+01,-1.950000000000000355e+01,1.900000000000000355e+01,-1.750000000000000355e+01,6.500000000000001776e+00,1.150000000000000178e+01,-1.525000000000000355e+01,6.500000000000001776e+00,5.000000000000000000e-01,-6.000000000000001776e+00,-8.750000000000003553e+00,2.750000000000000711e+01,-2.800000000000000711e+01,2.200000000000000711e+01,-1.050000000000000178e+01,-1.300000000000000355e+01,2.950000000000000711e+01,-2.475000000000000711e+01,2.750000000000000000e+00,1.900000000000000711e+01,-2.725000000000000711e+01,2.775000000000000711e+01,-2.725000000000000711e+01,1.550000000000000355e+01,-1.050000000000000178e+01,2.300000000000000711e+01,-2.075000000000000711e+01,-3.000000000000000000e+00,8.750000000000001776e+00,3.250000000000000888e+00,-7.500000000000002220e-01,-4.750000000000000888e+00,1.750000000000000355e+01,-2.000000000000000711e+01,-2.500000000000000000e+00,1.400000000000000355e+01,-4.500000000000000888e+00,-6.250000000000000888e+00,1.550000000000000355e+01,-7.500000000000001776e+00,-1.700000000000000355e+01,2.575000000000000711e+01,-2.175000000000000355e+01,2.125000000000000355e+01,-1.850000000000000355e+01,1.400000000000000355e+01,-1.525000000000000355e+01,2.250000000000000000e+00,1.900000000000000711e+01,-1.075000000000000355e+01,-1.100000000000000178e+01,1.950000000000000355e+01,-1.675000000000000355e+01,-1.000000000000000000e+00,1.725000000000000355e+01,-6.250000000000000888e+00,-1.425000000000000355e+01,2.125000000000000355e+01,-1.275000000000000178e+01,7.750000000000001776e+00,-1.775000000000000355e+01,1.250000000000000355e+01,3.250000000000000888e+00,-8.000000000000001776e+00,1.350000000000000355e+01,-1.250000000000000355e+01,1.500000000000000355e+01,-2.500000000000000711e+01,2.050000000000000711e+01,1.750000000000000000e+00,-1.725000000000000355e+01,1.175000000000000355e+01,5.250000000000000888e+00,-1.875000000000000355e+01,7.750000000000001776e+00,1.725000000000000355e+01,-2.525000000000000711e+01,9.500000000000001776e+00,1.525000000000000355e+01,-2.150000000000000711e+01,1.500000000000000000e+00,1.150000000000000355e+01,-5.750000000000000888e+00,1.075000000000000178e+01,-1.975000000000000355e+01,1.100000000000000178e+01,8.000000000000001776e+00,-2.100000000000000355e+01,1.050000000000000178e+01,1.075000000000000178e+01,-9.500000000000001776e+00,-9.750000000000001776e+00,1.500000000000000355e+01,-5.000000000000000888e+00,1.100000000000000178e+01,-1.025000000000000178e+01,-2.750000000000000888e+00,-9.750000000000001776e+00,2.275000000000000355e+01,-8.750000000000000000e+00,-6.750000000000001776e+00,8.500000000000001776e+00,-1.325000000000000355e+01,1.125000000000000178e+01,5.500000000000001776e+00,-3.000000000000000888e+00,-8.500000000000001776e+00,-5.750000000000000888e+00,1.075000000000000178e+01,6.250000000000001776e+00,-1.375000000000000355e+01,1.025000000000000178e+01,-2.750000000000000444e+00,8.000000000000001776e+00,-8.500000000000001776e+00,-9.500000000000001776e+00,5.500000000000001776e+00,1.450000000000000178e+01,-2.050000000000000355e+01,1.725000000000000355e+01,-7.750000000000001776e+00,2.750000000000000888e+00,-1.575000000000000355e+01,1.925000000000000711e+01,-1.350000000000000355e+01,1.600000000000000355e+01,-1.600000000000000355e+01,1.350000000000000355e+01,-1.500000000000000888e+00,-1.675000000000000355e+01,9.000000000000001776e+00,1.550000000000000355e+01,-2.025000000000000711e+01,2.000000000000000888e+00,1.400000000000000355e+01,-9.250000000000001776e+00,-7.000000000000001776e+00,1.300000000000000355e+01,-1.375000000000000355e+01,1.650000000000000355e+01,-1.650000000000000355e+01,2.000000000000000711e+01,-2.525000000000000711e+01,1.950000000000000711e+01,-3.250000000000000888e+00,-5.000000000000001776e+00,-2.000000000000000444e+00,1.250000000000000444e+00,9.500000000000001776e+00,-1.225000000000000355e+01,1.450000000000000355e+01,-5.250000000000000888e+00,-1.575000000000000355e+01,2.200000000000000711e+01,-2.100000000000000355e+01,2.500000000000000711e+01,-2.000000000000000711e+01,1.150000000000000355e+01,-1.825000000000000355e+01,1.875000000000000711e+01,3.000000000000000000e+00,-8.500000000000001776e+00,-9.500000000000001776e+00,1.600000000000000355e+01,-1.075000000000000355e+01,5.000000000000000888e+00,1.250000000000000222e+00,-1.200000000000000178e+01,2.225000000000000711e+01,-1.525000000000000355e+01,5.000000000000000000e-01,5.000000000000001776e+00,-1.575000000000000355e+01,1.725000000000000355e+01,4.250000000000000888e+00,-2.175000000000000711e+01,1.275000000000000355e+01,9.500000000000001776e+00,-9.500000000000001776e+00,-4.750000000000000888e+00,7.750000000000001776e+00,7.500000000000004441e-01,-6.750000000000001776e+00,-6.750000000000000888e+00,2.500000000000000711e+01,-2.850000000000000711e+01,2.175000000000000711e+01,-3.750000000000000888e+00,-1.350000000000000355e+01,2.075000000000000355e+01,-1.750000000000000355e+01,-1.000000000000000888e+00,1.925000000000000711e+01,-2.250000000000000711e+01,2.200000000000000711e+01,-1.125000000000000355e+01,-1.175000000000000178e+01,1.750000000000000355e+01,-1.125000000000000355e+01,1.725000000000000355e+01,-2.400000000000000711e+01,2.050000000000000355e+01,-3.250000000000000888e+00,-1.825000000000000355e+01,1.125000000000000355e+01,1.200000000000000178e+01,-2.175000000000000355e+01,1.825000000000000355e+01,-1.250000000000000000e+00,-1.075000000000000355e+01,1.150000000000000355e+01,-1.875000000000000711e+01,1.325000000000000355e+01,6.000000000000001776e+00,-1.800000000000000355e+01,9.750000000000001776e+00,1.400000000000000355e+01,-2.150000000000000711e+01,1.600000000000000355e+01,-2.325000000000000711e+01,2.775000000000000711e+01,-2.675000000000000711e+01,1.925000000000000355e+01,-3.500000000000000888e+00,-7.250000000000001776e+00,1.625000000000000355e+01,-6.500000000000000888e+00,-1.675000000000000355e+01,9.000000000000003553e+00,1.300000000000000355e+01,-5.750000000000000888e+00,-1.425000000000000355e+01,2.375000000000000711e+01,-2.600000000000000711e+01,1.450000000000000355e+01,1.300000000000000355e+01,-2.400000000000000711e+01,2.250000000000000711e+01,-1.875000000000000711e+01,6.750000000000001776e+00,1.675000000000000355e+01,-2.100000000000000355e+01,6.500000000000001776e+00,-1.750000000000000222e+00,1.100000000000000355e+01,-2.225000000000000711e+01,1.775000000000000355e+01,-8.500000000000001776e+00,1.325000000000000355e+01,-1.125000000000000355e+01,1.525000000000000355e+01,-9.750000000000001776e+00,-1.200000000000000355e+01,7.750000000000001776e+00,1.150000000000000355e+01,9.250000000000000000e+00,-2.900000000000000711e+01,2.225000000000000711e+01,-1.650000000000000355e+01,-7.550000000000001421e+01
