-3.166625000000012236e+00,3.580212500000001086e+01,6.958337500000003217e+01,9.697400000000004638e+01,1.172240000000000748e+02,1.311458750000000748e+02,1.381302500000000748e+02,1.398490000000000748e+02,1.341146250000000748e+02,1.270990000000000748e+02,1.184115000000000748e+02,1.079271250000000748e+02,9.802087500000007481e+01,8.714587500000004638e+01,7.648962500000003217e+01,6.589587500000003217e+01,5.545837500000003217e+01,4.559900000000001796e+01,3.748962500000001796e+01,3.073962500000001086e+01,2.427087500000000375e+01,1.920837500000000375e+01,1.406774999999999842e+01,1.002087499999999665e+01,7.083374999999993982e+00,3.927124999999992205e+00,1.755249999999990651e+00,1.817749999999990651e+00,3.427124999999991317e+00,7.911499999999993094e+00,1.550524999999999665e+01,2.361462500000000375e+01,3.392712500000001086e+01,4.730212500000001796e+01,6.030212500000003217e+01,7.213025000000003217e+01,8.302087500000004638e+01,8.992712500000004638e+01,9.439587500000007481e+01,9.736462500000007481e+01,9.741150000000007481e+01,9.266150000000007481e+01,8.553650000000004638e+01,7.666150000000003217e+01,6.505212500000003217e+01,5.389587500000003217e+01,4.311462500000001796e+01,3.320837500000001086e+01,2.370837500000000375e+01,1.731775000000000020e+01,1.233337499999999665e+01,9.317749999999994870e+00,9.552124999999994870e+00,9.786499999999994870e+00,8.817749999999994870e+00,7.177124999999993982e+00,6.161499999999993094e+00,5.036499999999993094e+00,3.489624999999991761e+00,1.927499999999897629e-01,-3.979125000000013124e+00,-6.666625000000014012e+00,-7.151000000000014900e+00,-5.729125000000014012e+00,-4.151000000000013124e+00,-3.744750000000013124e+00,1.771249999999895408e-01,7.317749999999994870e+00,1.594275000000000020e+01,2.600525000000000730e+01,3.758337500000001796e+01,4.925525000000001796e+01,6.328650000000003217e+01,8.278650000000004638e+01,1.003646250000000606e+02,1.200521250000000748e+02,1.412865000000000748e+02,1.648802500000001032e+02,1.906615000000001601e+02,2.206458750000001601e+02,2.533333750000001601e+02,2.839271250000001601e+02,3.186927500000001601e+02,3.517083750000001601e+02,3.847552500000002738e+02,4.145208750000002738e+02,4.400990000000002738e+02,4.601458750000002738e+02,4.749896250000003306e+02,4.871771250000003306e+02,4.944115000000003306e+02,4.993021250000003306e+02,5.012083750000003306e+02,5.019740000000003306e+02,5.023177500000003306e+02,5.025833750000003306e+02,5.027865000000003306e+02,5.029115000000003306e+02,5.029896250000003306e+02,5.030677500000003306e+02,5.030677500000003306e+02,5.030208750000003306e+02,5.029583750000003306e+02,5.028958750000003306e+02,5.028802500000003306e+02,5.028958750000003306e+02,5.029115000000003306e+02,5.029115000000003306e+02,5.029583750000003306e+02,5.030521250000003306e+02,5.031458750000003306e+02,5.032708750000003306e+02,5.033802500000003306e+02,5.034583750000003306e+02,5.035521250000003306e+02,5.036771250000003306e+02,5.038021250000003306e+02,5.038958750000003306e+02,5.039896250000003306e+02,5.040521250000003306e+02,5.040990000000003306e+02,5.041458750000003306e+02,5.041771250000003306e+02,5.041615000000003306e+02,5.041302500000003306e+02,5.040990000000003306e+02,5.040677500000003306e+02,5.040365000000003306e+02,5.039896250000003306e+02,5.040052500000003306e+02,5.040052500000003306e+02,5.040052500000003306e+02,5.040052500000003306e+02,5.040052500000003306e+02,5.040208750000003306e+02,5.040208750000003306e+02,5.040833750000003306e+02,5.040990000000003306e+02,5.041458750000003306e+02,5.042240000000003306e+02,5.042865000000003306e+02,5.043490000000003306e+02,5.043958750000003306e+02,5.044740000000003306e+02,5.044896250000003306e+02,5.045208750000003306e+02,5.045208750000003306e+02,5.045052500000003306e+02,5.045052500000003306e+02,5.044740000000003306e+02,5.044271250000003306e+02,5.043802500000003306e+02,5.043021250000003306e+02,5.041771250000003306e+02,5.040677500000003306e+02,5.039427500000003306e+02,5.038021250000003306e+02,5.037083750000003306e+02,5.036458750000003306e+02,5.035365000000003306e+02,5.034740000000003306e+02,5.034427500000003306e+02,5.034115000000003306e+02,5.033958750000003306e+02,5.034115000000003306e+02,5.034115000000003306e+02,5.033646250000003306e+02,5.033333750000003306e+02,5.033021250000003306e+02,5.032708750000003306e+02,5.032083750000003306e+02,5.031146250000003306e+02,5.029115000000003306e+02,5.025833750000003306e+02,5.014271250000003306e+02,4.990521250000003306e+02,4.948802500000003306e+02,4.898333750000003306e+02,4.839271250000003306e+02,4.765990000000003306e+02,4.669427500000003306e+02,4.541771250000003306e+02,4.394896250000002738e+02,4.247396250000002738e+02,4.103802500000002738e+02,3.934740000000002738e+02,3.746615000000002738e+02,3.544740000000001601e+02,3.342865000000001601e+02,3.164427500000001601e+02,2.994115000000001601e+02,2.800833750000001601e+02,2.601927500000001601e+02,2.443021250000001601e+02,2.275677500000001601e+02,2.100677500000001601e+02,1.922396250000001601e+02,1.712552500000001032e+02,1.502865000000000748e+02,1.314427500000000748e+02,1.111302500000000748e+02,8.673962500000004638e+01,6.284900000000003217e+01,3.952087500000001796e+01,1.766150000000000020e+01,-6.822500000000100151e-01,-1.922912500000002112e+01,-3.858850000000003178e+01,-5.574475000000004599e+01,-7.461975000000006730e+01,-9.122912500000008151e+01,-1.063228750000000957e+02,-1.238541250000000957e+02,-1.442916250000000957e+02,-1.654322500000001241e+02,-1.855885000000001810e+02,-2.065572500000001810e+02,-2.231353750000001810e+02,-2.403697500000001810e+02,-2.559322500000001810e+02,-2.677447500000001810e+02,-2.778853750000001810e+02,-2.860260000000001810e+02,-2.954010000000001810e+02,-3.053228750000001810e+02,-3.143697500000001810e+02,-3.234010000000001810e+02,-3.342760000000001810e+02,-3.475572500000001810e+02,-3.605103750000001810e+02,-3.737916250000001810e+02,-3.861978750000002947e+02,-3.964322500000002947e+02,-4.080260000000002947e+02,-4.190885000000002947e+02,-4.301666250000003515e+02,-4.389635000000003515e+02,-4.461041250000003515e+02,-4.531041250000003515e+02,-4.587603750000003515e+02,-4.647603750000003515e+02,-4.706041250000003515e+02,-4.757291250000003515e+02,-4.791353750000003515e+02,-4.829791250000003515e+02,-4.874791250000003515e+02,-4.909166250000003515e+02,-4.940416250000003515e+02,-4.964010000000003515e+02,-4.976041250000003515e+02,-4.985572500000003515e+02,-4.995416250000003515e+02,-5.000416250000003515e+02,-5.000885000000003515e+02,-5.001666250000003515e+02,-5.002447500000003515e+02,-5.003072500000003515e+02,-5.003541250000003515e+02,-5.003853750000003515e+02,-5.004010000000003515e+02,-5.003541250000003515e+02,-5.003385000000003515e+02,-5.003072500000003515e+02,-4.999635000000003515e+02,-4.993853750000003515e+02,-4.988228750000003515e+02,-4.982603750000003515e+02,-4.976197500000003515e+02,-4.966197500000003515e+02,-4.954010000000003515e+02,-4.928541250000003515e+02,-4.905885000000003515e+02,-4.879010000000003515e+02,-4.839635000000003515e+02,-4.792603750000003515e+02,-4.744478750000003515e+02,-4.691041250000003515e+02,-4.615260000000003515e+02,-4.540885000000003515e+02,-4.460885000000003515e+02,-4.376822500000003515e+02,-4.294478750000003515e+02,-4.203228750000003515e+02,-4.101666250000002947e+02,-4.009635000000002947e+02,-3.943853750000002947e+02,-3.895885000000002947e+02,-3.845260000000002947e+02,-3.797760000000001810e+02,-3.755416250000001810e+02,-3.730885000000001810e+02,-3.702916250000001810e+02,-3.658541250000001810e+02,-3.600260000000001810e+02,-3.528228750000001810e+02,-3.461666250000001810e+02,-3.409478750000001810e+02,-3.370103750000001810e+02,-3.323385000000001810e+02,-3.281666250000001810e+02,-3.254478750000001810e+02,-3.233228750000001810e+02,-3.211666250000001810e+02,-3.168853750000001810e+02,-3.083072500000001810e+02,-2.970572500000001810e+02,-2.854166250000001810e+02,-2.747447500000001810e+02,-2.640260000000001810e+02,-2.539478750000001810e+02,-2.433228750000001810e+02,-2.360103750000001810e+02,-2.339322500000001810e+02,-2.332291250000001810e+02,-2.325572500000001810e+02,-2.306197500000001810e+02,-2.277447500000001810e+02,-2.248853750000001810e+02,-2.234166250000001810e+02,-2.202291250000001810e+02,-2.156822500000001810e+02,-2.111510000000001810e+02,-2.080885000000001810e+02,-2.071041250000001810e+02,-2.060260000000001810e+02,-2.030416250000001810e+02,-1.992447500000001810e+02,-1.955103750000001810e+02,-1.901666250000001810e+02,-1.849635000000001241e+02,-1.765885000000001241e+02,-1.673541250000000957e+02,-1.587760000000000957e+02,-1.517447500000000957e+02,-1.442916250000000957e+02,-1.367760000000000957e+02,-1.288385000000000957e+02,-1.205885000000000957e+02,-1.160260000000000957e+02,-1.107916250000000957e+02,-1.065885000000000957e+02,-1.022447500000000957e+02,-9.993225000000009572e+01,-9.796350000000008151e+01,-9.774475000000008151e+01,-9.822912500000009572e+01,-9.719787500000009572e+01,-9.622912500000009572e+01,-9.363537500000008151e+01,-9.199475000000006730e+01,-8.793225000000006730e+01,-8.421350000000005309e+01,-8.101037500000005309e+01,-7.683850000000005309e+01,-7.271350000000005309e+01,-6.821350000000005309e+01,-6.424475000000005309e+01,-5.832287500000005309e+01,-5.444787500000005309e+01,-5.047912500000005309e+01,-4.582287500000003888e+01,-4.308850000000003888e+01,-3.985412500000003178e+01,-3.766662500000003178e+01,-3.626037500000003178e+01,-3.619787500000003178e+01,-3.540100000000003178e+01,-3.297912500000003178e+01,-3.160412500000003178e+01,-2.899475000000003178e+01,-2.733850000000003178e+01,-2.583850000000002822e+01,-2.332287500000002467e+01,-2.055725000000002467e+01,-1.758850000000002112e+01,-1.758850000000002112e+01,-1.446350000000001934e+01,-1.093225000000001756e+01,-7.088500000000014012e+00,-2.307250000000012236e+00,3.489999999999897629e-01,2.020874999999990873e+00,2.567749999999991317e+00,3.567749999999992205e+00,1.630249999999990651e+00,-1.619750000000011347e+00,-5.197875000000013124e+00,-1.030725000000001756e+01,-1.274475000000001934e+01,-1.454162500000002112e+01,-1.410412500000001934e+01,-1.341662500000001934e+01,-1.230725000000001756e+01,-1.015100000000001756e+01,-7.604125000000015788e+00,-3.869750000000013124e+00,-1.776000000000011791e+00,1.114624999999990207e+00,2.114624999999990873e+00,5.052124999999993094e+00,8.802124999999994870e+00,1.286462499999999665e+01,1.763025000000000020e+01,2.295837500000000375e+01,2.925525000000001086e+01,3.389587500000001086e+01,3.903650000000001796e+01,4.213025000000001796e+01,4.544275000000001796e+01,4.916150000000003217e+01,5.050525000000003217e+01,4.939587500000002507e+01,4.839587500000002507e+01,4.941150000000003217e+01,5.020837500000003217e+01,5.330212500000003217e+01,5.584900000000003217e+01,5.575525000000003217e+01,5.653650000000003217e+01,5.992712500000003217e+01,6.220837500000003217e+01,6.303650000000003217e+01,6.453650000000003217e+01,6.488025000000003217e+01,6.541150000000003217e+01,6.738025000000003217e+01,7.147400000000003217e+01,7.391150000000003217e+01,7.583337500000003217e+01,7.888025000000003217e+01,8.008337500000003217e+01,8.016150000000003217e+01,7.911462500000003217e+01,7.880212500000003217e+01,7.738025000000003217e+01,7.600525000000003217e+01,7.570837500000003217e+01,7.389587500000003217e+01,7.463025000000003217e+01,7.480212500000003217e+01,7.663025000000003217e+01,7.936462500000003217e+01,8.006775000000003217e+01,8.131775000000003217e+01,8.283337500000003217e+01,8.638025000000004638e+01,8.789587500000004638e+01,9.080212500000004638e+01,9.292712500000004638e+01,9.286462500000004638e+01,9.450525000000004638e+01,9.717712500000006060e+01,9.905212500000007481e+01,9.750525000000007481e+01,9.569275000000006060e+01,9.408337500000004638e+01,9.103650000000004638e+01,8.850525000000004638e+01,8.581775000000003217e+01,8.003650000000003217e+01,7.289587500000003217e+01,6.822400000000003217e+01,6.523962500000003217e+01,6.000525000000003217e+01,5.536462500000003217e+01,4.831775000000001796e+01,3.959900000000001796e+01,3.261462500000001086e+01,2.608337500000000375e+01,1.692712500000000020e+01,5.036499999999992205e+00,-7.416625000000015788e+00,-2.205725000000002467e+01,-3.611975000000003178e+01,-5.208850000000003888e+01,-7.130725000000005309e+01,-9.243225000000006730e+01,-1.138541250000000957e+02,-1.362916250000000957e+02,-1.596041250000001241e+02,-1.828228750000001526e+02,-2.058697500000001810e+02,-2.262291250000001810e+02,-2.435572500000001810e+02,-2.566978750000001810e+02,-2.669166250000001810e+02,-2.737447500000001810e+02,-2.747291250000001810e+02,-2.696822500000001810e+02,-2.600572500000001810e+02,-2.498541250000001810e+02,-2.401666250000001810e+02,-2.332447500000001810e+02,-2.289947500000001810e+02,-2.281041250000001810e+02,-2.325103750000001810e+02,-2.420728750000001810e+02,-2.563697500000001810e+02,-2.698228750000001810e+02,-2.814635000000001810e+02,-2.890885000000001810e+02,-2.897603750000001810e+02,-2.826666250000001810e+02,-2.692447500000001810e+02,-2.506510000000001810e+02,-2.274478750000001810e+02,-2.003228750000001526e+02,-1.685572500000001241e+02,-1.352603750000000957e+02,-1.037603750000000673e+02,-7.288537500000005309e+01,-4.166662500000003888e+01,-1.068225000000001934e+01,2.109900000000000020e+01,5.150525000000001796e+01,7.773962500000004638e+01,1.024740000000000464e+02,1.270052500000000748e+02,1.503021250000000748e+02,1.714427500000001032e+02,1.924427500000001601e+02,2.116302500000001601e+02,2.281302500000001601e+02,2.451146250000001601e+02,2.603958750000001601e+02,2.739740000000001601e+02,2.840052500000001601e+02,2.914271250000001601e+02,2.950052500000001601e+02,2.954271250000001601e+02,2.949583750000001601e+02,2.913802500000001601e+02,2.855990000000001601e+02,2.769115000000001601e+02,2.660208750000001601e+02,2.542552500000001601e+02,2.405208750000001601e+02,2.259271250000001601e+02,2.091927500000001601e+02,1.901771250000001601e+02,1.701458750000001032e+02,1.482552500000000748e+02,1.267552500000000748e+02,1.046302500000000464e+02,8.348962500000004638e+01,6.280212500000003217e+01,4.314587500000001796e+01,2.638025000000000375e+01,1.102087499999999665e+01,-2.603750000000109033e-01,-9.557250000000017565e+00,-1.774475000000002467e+01,-2.372912500000002822e+01,-2.690100000000003178e+01,-2.963537500000003178e+01,-3.177600000000003178e+01,-3.290100000000003178e+01,-3.552600000000003178e+01,-3.740100000000003178e+01,-3.835412500000003178e+01,-3.927600000000003178e+01,-4.129162500000003178e+01,-4.213537500000003178e+01,-4.252600000000003178e+01,-4.319787500000003178e+01,-4.129162500000003178e+01,-3.932287500000003178e+01,-3.643225000000003178e+01,-3.349475000000003178e+01,-2.968225000000003178e+01,-2.438537500000002822e+01,-1.819787500000002467e+01,-1.036975000000001756e+01,-2.760375000000012680e+00,6.427124999999993094e+00,1.609899999999999665e+01,2.645837500000000375e+01,3.644275000000001796e+01,4.594275000000001796e+01,5.314587500000003217e+01,6.042712500000003217e+01,6.702087500000003217e+01,7.050525000000003217e+01,7.356775000000003217e+01,7.548962500000003217e+01,7.661462500000003217e+01,7.564587500000003217e+01,7.689587500000003217e+01,7.639587500000003217e+01,7.414587500000003217e+01,7.350525000000003217e+01,7.127087500000003217e+01,6.900525000000003217e+01,6.683337500000003217e+01,6.538025000000003217e+01,6.259900000000003217e+01,6.063025000000003217e+01,6.016150000000003217e+01,5.931775000000003217e+01,5.858337500000003217e+01,5.775525000000003217e+01,5.722400000000003217e+01,5.805212500000003217e+01,5.794275000000003217e+01,5.586462500000003217e+01,5.384900000000003217e+01,5.155212500000003217e+01,5.041150000000003217e+01,4.953650000000003217e+01,4.856775000000002507e+01,4.611462500000001796e+01,4.434900000000001086e+01,4.472400000000001086e+01,4.531775000000001086e+01,4.614587500000001086e+01,4.614587500000001086e+01,4.609900000000001086e+01,4.656775000000001796e+01,4.688025000000001796e+01,4.845837500000001796e+01,4.891150000000003217e+01,4.716150000000002507e+01,4.502087500000001796e+01,4.241150000000001796e+01,3.898962500000001796e+01,3.427087500000001086e+01,3.039587500000001086e+01,2.477087500000000375e+01,1.908337500000000020e+01,1.581775000000000020e+01,1.214587499999999665e+01,1.034899999999999487e+01,8.661499999999994870e+00,9.270874999999996646e+00,9.411499999999996646e+00,9.723999999999996646e+00,1.172399999999999665e+01,1.259899999999999665e+01,1.544275000000000020e+01,1.669275000000000020e+01,1.842712500000000020e+01,1.813025000000000020e+01,1.753650000000000020e+01,1.830212500000000020e+01,1.652087500000000020e+01,1.525525000000000020e+01,1.102087499999999665e+01,6.942749999999994870e+00,2.536499999999991317e+00,-1.572875000000011347e+00,-6.072875000000014012e+00,-1.186975000000001756e+01,-1.540100000000001934e+01,-2.018225000000002467e+01,-2.327600000000002467e+01,-2.601037500000002822e+01,-2.772912500000003178e+01,-2.947912500000003178e+01,-3.076037500000003178e+01,-3.201037500000003178e+01,-3.521350000000003178e+01,-3.751037500000003178e+01,-3.893225000000003178e+01,-4.132287500000003888e+01,-4.494787500000003888e+01,-4.821350000000004599e+01,-5.010412500000005309e+01,-5.118225000000005309e+01,-5.154162500000005309e+01,-5.066662500000005309e+01,-5.194787500000005309e+01,-5.244787500000005309e+01,-5.144787500000005309e+01,-5.185412500000005309e+01,-5.486975000000005309e+01,-5.877600000000005309e+01,-6.216662500000005309e+01,-6.732287500000005309e+01,-7.146350000000005309e+01,-7.488537500000005309e+01,-7.977600000000005309e+01,-8.340100000000005309e+01,-8.488537500000005309e+01,-8.640100000000005309e+01,-8.818225000000005309e+01,-9.038537500000006730e+01,-9.208850000000006730e+01,-9.579162500000006730e+01,-9.890100000000009572e+01,-1.014010000000000957e+02,-1.046510000000000957e+02,-1.076353750000000957e+02,-1.103385000000000957e+02,-1.115416250000000957e+02,-1.130572500000000957e+02,-1.130416250000000957e+02,-1.137760000000000957e+02,-1.146353750000000957e+02,-1.156666250000000957e+02,-1.161666250000000957e+02,-1.177135000000000957e+02,-1.192760000000000957e+02,-1.203541250000000957e+02,-1.206510000000000957e+02,-1.200885000000000957e+02,-1.197603750000000957e+02,-1.191197500000000957e+02,-1.179010000000000957e+02,-1.154478750000000957e+02,-1.124635000000000957e+02,-1.098697500000000957e+02,-1.076978750000000957e+02,-1.048853750000000957e+02,-1.023228750000000957e+02,-9.893225000000009572e+01,-9.519787500000009572e+01,-9.080725000000006730e+01,-8.710412500000005309e+01,-8.293225000000005309e+01,-7.926037500000005309e+01,-7.572912500000005309e+01,-7.132287500000005309e+01,-6.654162500000005309e+01,-6.304162500000005309e+01,-5.910412500000005309e+01,-5.508850000000005309e+01,-4.972912500000005309e+01,-4.280725000000003888e+01,-3.561975000000003888e+01,-2.838537500000003178e+01,-2.190100000000002467e+01,-1.416662500000001756e+01,-8.401000000000015788e+00,-2.182250000000012236e+00,1.427124999999990429e+00,3.067749999999991317e+00,5.114624999999993094e+00,6.895874999999993982e+00,9.067749999999994870e+00,1.038024999999999665e+01,1.245837499999999665e+01,1.392712499999999842e+01,1.617712500000000020e+01,1.933337500000000020e+01,2.205212500000000375e+01,2.464587500000000730e+01,2.628650000000001086e+01,2.870837500000001086e+01,3.205212500000001086e+01,3.569275000000001086e+01,4.069275000000001796e+01,4.467712500000001796e+01,4.664587500000001796e+01,4.664587500000001796e+01,4.575525000000001796e+01,4.216150000000001796e+01,3.717712500000001086e+01,3.141150000000001086e+01,2.255212500000000375e+01,1.392712499999999665e+01,6.020874999999993094e+00,-1.166625000000010681e+00,-8.072875000000014012e+00,-1.290100000000001756e+01,-2.010412500000002467e+01,-3.082287500000003178e+01,-4.483850000000003888e+01,-6.369787500000005309e+01,-8.643225000000006730e+01,-1.120728750000000815e+02,-1.388853750000000957e+02,-1.668697500000001241e+02,-1.899166250000001526e+02,-2.042916250000001810e+02,-2.071510000000001810e+02,-1.989947500000001810e+02,-1.791822500000001526e+02,-1.461041250000001241e+02,-1.042447500000000673e+02,-5.708850000000004599e+01,-8.385375000000019341e+00,3.769275000000001086e+01,8.038025000000004638e+01,1.203646250000000748e+02,1.528646250000000748e+02,1.734115000000001032e+02,1.837708750000001032e+02,1.867708750000001032e+02,1.829427500000001032e+02,1.740365000000001032e+02,1.584427500000001032e+02,1.340677500000000748e+02,1.056302500000000606e+02,7.498962500000003217e+01,4.464587500000001796e+01,1.388024999999999842e+01,-1.865100000000002112e+01,-5.194787500000003888e+01,-8.426037500000006730e+01,-1.114478750000000957e+02,-1.348385000000000957e+02,-1.534010000000000957e+02,-1.693228750000001241e+02,-1.819478750000001241e+02,-1.882135000000001241e+02,-1.897603750000001241e+02,-1.881041250000001241e+02,-1.846510000000001241e+02,-1.786353750000001241e+02,-1.702135000000000957e+02,-1.586822500000000957e+02,-1.445728750000000957e+02,-1.297760000000000957e+02,-1.142135000000000957e+02,-9.713537500000008151e+01,-8.044787500000006730e+01,-6.510412500000005309e+01,-5.199475000000003888e+01,-4.136975000000003888e+01,-3.324475000000003178e+01,-2.665100000000002822e+01,-2.093225000000002467e+01,-1.649475000000002112e+01,-1.251037500000001756e+01,-9.776000000000017565e+00,-7.697875000000015788e+00,-5.729125000000014012e+00,-4.229125000000013124e+00,-5.260375000000014012e+00,-7.088500000000014900e+00,-1.058850000000001756e+01,-1.463537500000002112e+01,-1.793225000000002467e+01,-2.188537500000002467e+01,-2.635412500000002822e+01,-2.996350000000003178e+01,-3.179162500000003178e+01,-3.522912500000003178e+01,-3.763537500000003178e+01,-4.021350000000003888e+01,-4.351037500000003888e+01,-4.483850000000003888e+01,-4.511975000000003888e+01,-4.608850000000003888e+01,-4.674475000000003888e+01,-4.526037500000003178e+01,-4.426037500000003178e+01,-4.191662500000003178e+01,-3.791662500000003178e+01,-3.551037500000003178e+01,-3.376037500000003178e+01,-3.174475000000003178e+01,-2.974475000000003178e+01,-2.690100000000003178e+01,-2.302600000000002467e+01,-2.052600000000002112e+01,-1.910412500000002112e+01,-1.558850000000002112e+01,-1.141662500000001756e+01,-5.682250000000014012e+00,5.833749999999899849e-01,5.333374999999993982e+00,1.097399999999999665e+01,1.788025000000000020e+01,2.631775000000000730e+01,3.358337500000001086e+01,4.080212500000001796e+01,4.650525000000002507e+01,5.248962500000003217e+01,5.930212500000003217e+01,6.558337500000003217e+01,7.225525000000003217e+01,7.816150000000003217e+01,8.497400000000004638e+01,9.281775000000007481e+01,1.013333750000000748e+02,1.094427500000000748e+02,1.184896250000000748e+02,1.268333750000000748e+02,1.344896250000000748e+02,1.406458750000000748e+02,1.452552500000000748e+02,1.477240000000000748e+02,1.501615000000000748e+02,1.522708750000000748e+02,1.519427500000000748e+02,1.508646250000000748e+02,1.479583750000000748e+02,1.460677500000000748e+02,1.439740000000000748e+02,1.422396250000000748e+02,1.386927500000000748e+02,1.325990000000000748e+02,1.259896250000000748e+02,1.189896250000000748e+02,1.122865000000000748e+02,1.031771250000000748e+02,9.356775000000006060e+01,8.222400000000004638e+01,7.097400000000003217e+01,6.111462500000003217e+01,5.173962500000003217e+01,4.148962500000001796e+01,3.163025000000001086e+01,2.303650000000000375e+01,1.448962499999999665e+01,7.786499999999993094e+00,8.021249999999902069e-01,-6.494750000000014012e+00,-1.397912500000001756e+01,-2.008850000000002467e+01,-2.721350000000002822e+01,-3.408850000000003178e+01,-4.024475000000003888e+01,-4.669787500000004599e+01,-5.235412500000005309e+01,-5.661975000000005309e+01,-6.113537500000005309e+01,-6.622912500000005309e+01,-6.930725000000005309e+01,-7.169787500000005309e+01,-7.477600000000005309e+01,-7.879162500000005309e+01,-8.246350000000005309e+01,-8.765100000000006730e+01,-9.205725000000006730e+01,-9.568225000000009572e+01,-1.007760000000000957e+02,-1.061666250000000957e+02,-1.107447500000000957e+02,-1.136353750000000957e+02,-1.175416250000000957e+02,-1.202291250000000957e+02,-1.219635000000000957e+02,-1.246510000000000957e+02,-1.265572500000000957e+02,-1.286822500000000957e+02,-1.316510000000000957e+02,-1.362135000000000957e+02,-1.391041250000000957e+02,-1.430416250000000957e+02,-1.487447500000000957e+02,-1.530103750000000957e+02,-1.575885000000000957e+02,-1.631510000000000957e+02,-1.675260000000000957e+02,-1.702916250000000957e+02,-1.742135000000000957e+02,-1.763072500000000957e+02,-1.766197500000000957e+02,-1.782447500000000957e+02,-1.791822500000000957e+02,-1.779322500000000957e+02,-1.774010000000000957e+02,-1.775103750000000957e+02,-1.769791250000000957e+02,-1.780572500000000957e+02,-1.796510000000000957e+02,-1.795416250000000957e+02,-1.801978750000000957e+02,-1.817135000000000957e+02,-1.824010000000000957e+02,-1.831666250000000957e+02,-1.836041250000000957e+02,-1.822760000000000957e+02,-1.810728750000000957e+02,-1.802760000000000957e+02,-1.786978750000000957e+02,-1.774478750000000957e+02,-1.757916250000000957e+02,-1.731510000000000957e+02,-1.712760000000000957e+02,-1.709635000000000957e+02,-1.703228750000000957e+02,-1.704166250000000957e+02,-1.708541250000000957e+02,-1.706666250000000957e+02,-1.720416250000000957e+02,-1.738385000000000957e+02,-1.743697500000000957e+02,-1.742760000000000957e+02,-1.740416250000000957e+02,-1.731666250000000957e+02,-1.719322500000000957e+02,-1.700885000000000957e+02,-1.667916250000000957e+02,-1.642603750000000957e+02,-1.633853750000000957e+02,-1.632291250000000957e+02,-1.651666250000000957e+02,-1.679635000000000957e+02,-1.705728750000000957e+02,-1.753541250000000957e+02,-1.761510000000000957e+02,-1.712760000000000957e+02,-1.594635000000000957e+02,-1.409322500000000957e+02,-1.149635000000000957e+02,-8.271350000000006730e+01,-4.655725000000003888e+01
2.632812500000001776e+01,5.173437500000003553e+01,6.314062500000004263e+01,5.475000000000002842e+01,3.262500000000002132e+01,1.851562500000001421e+01,7.593750000000004441e+00,9.687500000000005329e+00,1.192187500000000711e+01,1.062500000000000711e+01,9.937500000000007105e+00,6.718750000000008882e-01,-3.484375000000002220e+00,-3.859375000000002220e+00,-5.265625000000003553e+00,-9.218750000000008882e-01,1.515625000000000666e+00,-1.312500000000001776e+00,-2.328125000000002665e+00,-5.703125000000003553e+00,-1.092187500000000711e+01,-8.671875000000005329e+00,-5.656250000000003553e+00,-2.109375000000000888e+00,6.328125000000004441e+00,7.546875000000005329e+00,2.531250000000001332e+00,-2.593750000000002220e+00,-1.526562500000001066e+01,-2.568750000000001776e+01,-2.546875000000001776e+01,-2.270312500000001421e+01,-9.953125000000005329e+00,8.421875000000003553e+00,1.735937500000001066e+01,2.128125000000001421e+01,1.657812500000001066e+01,5.609375000000003553e+00,1.453125000000001110e+00,3.421875000000001776e+00,1.150000000000000711e+01,2.025000000000001066e+01,2.268750000000001421e+01,1.781250000000001066e+01,7.171875000000005329e+00,-4.609375000000001776e+00,-1.326562500000000711e+01,-1.629687500000001066e+01,-1.685937500000001066e+01,-1.321875000000000711e+01,-7.796875000000005329e+00,-4.781250000000003553e+00,-6.406250000000002220e-01,2.000000000000001332e+00,1.593750000000001110e+00,4.109375000000002665e+00,7.375000000000005329e+00,6.437500000000003553e+00,6.421875000000003553e+00,1.406250000000001332e+00,-7.359375000000005329e+00,-7.921875000000005329e+00,-9.125000000000007105e+00,-7.984375000000007105e+00,-2.625000000000002220e+00,-5.218750000000003553e+00,-6.140625000000003553e+00,-4.406250000000001776e+00,-7.656250000000003553e+00,-8.468750000000005329e+00,-8.671875000000005329e+00,-1.209375000000000711e+01,-9.312500000000005329e+00,-4.875000000000002665e+00,-1.890625000000001110e+00,-2.656250000000011102e-01,-4.375000000000003553e+00,-7.093750000000006217e+00,-1.506250000000000888e+01,-1.717187500000000711e+01,-1.598437500000000711e+01,-1.789062500000000711e+01,-5.718750000000003553e+00,4.140625000000002665e+00,1.696875000000001066e+01,3.132812500000001776e+01,3.312500000000002132e+01,3.151562500000002132e+01,2.323437500000001421e+01,1.317187500000000711e+01,6.562500000000003553e+00,2.109375000000001776e+00,5.781250000000004441e-01,1.875000000000001665e-01,1.562500000000001388e-01,1.406250000000001110e-01,2.500000000000001665e-01,3.125000000000002220e-01,3.593750000000002220e-01,4.062500000000003331e-01,2.187500000000001943e-01,1.562500000000001735e-02,-1.718750000000001388e-01,-2.968750000000002220e-01,-2.187500000000001665e-01,-1.093750000000000971e-01,-6.938893903907228378e-18,-6.938893903907228378e-18,-4.687500000000004163e-02,-7.812500000000005551e-02,-1.093750000000000833e-01,-4.687500000000002776e-02,-3.125000000000001388e-02,1.562500000000002082e-02,4.687500000000003469e-02,4.687500000000002776e-02,1.093750000000000833e-01,1.562500000000000694e-02,-1.562500000000000694e-02,-1.562500000000000694e-02,-6.250000000000004163e-02,1.406250000000000833e-01,2.343750000000001388e-01,2.500000000000001110e-01,2.812500000000001665e-01,1.387778780781445676e-17,-1.562500000000001110e-01,-2.500000000000001665e-01,-3.281250000000002220e-01,-9.375000000000005551e-02,3.125000000000003469e-02,1.562500000000001110e-01,2.187500000000001665e-01,9.375000000000005551e-02,1.562500000000001041e-02,-1.093750000000000833e-01,-1.718750000000001110e-01,-1.875000000000001388e-01,-1.718750000000001110e-01,-1.250000000000001110e-01,-1.387778780781445676e-17,1.250000000000000833e-01,2.031250000000001110e-01,3.125000000000002220e-01,1.718750000000001388e-01,1.562500000000001735e-02,-1.093750000000000694e-01,-2.812500000000002220e-01,-1.562500000000001110e-01,6.250000000000005551e-02,2.343750000000001665e-01,4.062500000000003331e-01,3.593750000000002776e-01,1.093750000000000833e-01,-9.375000000000004163e-02,-2.187500000000001110e-01,-2.656250000000001665e-01,-1.093750000000000694e-01,1.562500000000001041e-02,-6.938893903907229918e-18,0.000000000000000000e+00,-9.375000000000008327e-02,-1.250000000000001110e-01,-4.687500000000004163e-02,-6.938893903907228378e-18,6.250000000000004163e-02,4.687500000000003469e-02,1.562500000000001041e-02,4.687500000000004163e-02,7.812500000000006939e-02,1.406250000000001110e-01,1.718750000000001665e-01,1.875000000000001665e-01,3.281250000000002776e-01,1.296875000000000888e+00,3.484375000000001776e+00,7.218750000000003553e+00,1.132812500000000711e+01,1.298437500000001066e+01,1.125000000000000711e+01,5.281250000000003553e+00,-7.812499999999966693e-02,-3.281249999999997224e-01,3.421875000000003997e+00,1.084375000000000888e+01,1.387500000000001066e+01,8.062500000000007105e+00,3.124999999999991118e-01,-7.437500000000006217e+00,-1.134375000000000711e+01,-5.375000000000002665e+00,7.812499999999956979e-02,2.031250000000001332e+00,3.921875000000002220e+00,-7.187500000000000000e-01,-4.843750000000001776e+00,-2.765625000000000888e+00,4.406250000000002665e+00,1.225000000000000711e+01,1.821875000000000711e+01,1.665625000000000711e+01,-1.265625000000000888e+00,-1.362500000000000888e+01,-1.829687500000001066e+01,-1.818750000000001066e+01,1.031250000000000000e+00,9.640625000000007105e+00,4.562500000000002665e+00,-3.437500000000000000e-01,-1.428125000000000888e+01,-1.573437500000001066e+01,-1.203125000000000888e+00,1.357812500000000711e+01,2.326562500000001421e+01,2.403125000000001776e+01,9.375000000000005329e+00,-1.221875000000000533e+01,-2.307812500000001421e+01,-3.159375000000002132e+01,-2.646875000000001421e+01,-1.065625000000000711e+01,-1.203125000000001554e+00,9.875000000000007105e+00,1.268750000000000711e+01,9.921875000000005329e+00,7.218750000000004441e+00,3.562500000000002665e+00,5.000000000000002220e-01,-4.531250000000003553e+00,-3.578125000000003109e+00,-3.984375000000003109e+00,-6.406250000000008882e-01,5.781250000000003553e+00,1.312500000000000666e+00,-6.875000000000009992e-01,-7.171875000000005329e+00,-1.337500000000001066e+01,-8.484375000000005329e+00,-5.921875000000003553e+00,-3.906250000000008882e-01,4.234375000000002665e+00,2.078125000000001776e+00,1.140625000000000666e+00,-2.656250000000002220e-01,-2.671875000000001776e+00,-3.296875000000002220e+00,-3.796875000000002220e+00,-4.546875000000002665e+00,-3.687500000000002220e+00,-2.234375000000001776e+00,-1.093750000000000888e+00,-4.687500000000005551e-02,2.656250000000001665e-01,1.250000000000000833e-01,-4.687500000000004163e-02,-1.562500000000001110e-01,-2.187500000000001665e-01,-2.343750000000001665e-01,-2.031250000000001665e-01,-1.875000000000001388e-01,-4.687500000000003469e-02,6.250000000000004163e-02,1.562500000000001110e-01,-6.250000000000005551e-02,-7.031250000000004441e-01,-1.390625000000000888e+00,-2.078125000000001332e+00,-1.593750000000000888e+00,-3.437500000000002220e-01,8.125000000000005551e-01,6.406250000000004441e-01,-1.437500000000001110e+00,-4.562500000000003553e+00,-8.250000000000005329e+00,-7.390625000000005329e+00,-4.640625000000003553e+00,-6.093750000000006661e-01,4.687500000000003553e+00,2.562500000000001776e+00,-1.500000000000001332e+00,-6.843750000000005329e+00,-1.076562500000000711e+01,-6.328125000000004441e+00,7.812500000000066613e-02,9.000000000000007105e+00,1.385937500000001066e+01,1.312500000000001066e+01,1.162500000000000711e+01,4.375000000000002665e+00,-7.343750000000002220e-01,-5.687500000000002665e+00,-1.192187500000000711e+01,-1.048437500000000711e+01,-9.062500000000005329e+00,-5.515625000000002665e+00,2.328125000000001776e+00,5.609375000000003553e+00,1.135937500000000711e+01,1.650000000000001066e+01,1.339062500000000711e+01,8.671875000000003553e+00,-4.328125000000003553e+00,-1.817187500000001066e+01,-2.239062500000001421e+01,-2.459375000000001421e+01,-1.528125000000000888e+01,-4.734375000000003553e+00,5.312500000000004441e-01,1.337500000000000711e+01,1.804687500000001066e+01,2.129687500000001776e+01,2.473437500000001776e+01,1.203125000000000888e+01,1.578125000000001332e+00,-6.531250000000005329e+00,-1.665625000000001066e+01,-1.353125000000000711e+01,-8.828125000000007105e+00,-6.609375000000004441e+00,3.578125000000001776e+00,9.156250000000005329e+00,1.068750000000000711e+01,1.356250000000000888e+01,6.765625000000004441e+00,-2.375000000000001332e+00,-6.921875000000003553e+00,-1.403125000000000711e+01,-1.557812500000001066e+01,-1.060937500000000711e+01,-6.812500000000004441e+00,6.875000000000004441e-01,7.828125000000005329e+00,8.062500000000005329e+00,5.406250000000003553e+00,3.015625000000001776e+00,-2.500000000000002220e+00,-4.062500000000002665e+00,-1.937500000000001332e+00,-2.687500000000001776e+00,1.765625000000001110e+00,7.750000000000004441e+00,1.128125000000000711e+01,1.453125000000000888e+01,1.212500000000000711e+01,1.968750000000001332e+00,-6.296875000000003553e+00,-1.301562500000000711e+01,-1.492187500000000888e+01,-6.953125000000004441e+00,-9.062500000000011102e-01,4.968750000000002665e+00,7.437500000000004441e+00,3.421875000000002665e+00,-8.125000000000002220e-01,-2.875000000000001776e+00,-3.937500000000001776e+00,-4.031250000000001776e+00,-8.281250000000002220e-01,-2.265625000000001332e+00,-1.296875000000000666e+00,2.984375000000002220e+00,5.750000000000003553e+00,1.107812500000000711e+01,1.145312500000000711e+01,6.921875000000003553e+00,-2.328125000000001332e+00,-9.750000000000007105e+00,-1.348437500000000888e+01,-1.192187500000000711e+01,-1.406250000000000444e+00,4.812500000000003553e+00,1.306250000000000888e+01,1.329687500000000888e+01,3.906250000000002665e+00,-1.562500000000000222e+00,-1.375000000000000888e+01,-1.525000000000001066e+01,-7.593750000000005329e+00,-2.437500000000002665e+00,7.406250000000005329e+00,1.125000000000000711e+01,7.953125000000005329e+00,7.281250000000005329e+00,8.343750000000005329e+00,6.281250000000004441e+00,8.281250000000007105e+00,5.296875000000003553e+00,-4.343750000000003553e+00,-8.156250000000007105e+00,-1.523437500000000888e+01,-1.673437500000001066e+01,-1.042187500000000711e+01,-4.781250000000002665e+00,4.875000000000002665e+00,1.276562500000000711e+01,1.253125000000000711e+01,7.625000000000003553e+00,-1.390625000000001776e+00,-1.201562500000000888e+01,-1.401562500000001066e+01,-1.051562500000000711e+01,-2.578125000000001332e+00,5.468750000000003553e+00,6.515625000000005329e+00,3.531250000000003553e+00,-2.734375000000000888e+00,-4.812500000000002665e+00,-2.812499999999995559e-01,7.718750000000006217e+00,1.381250000000001066e+01,1.409375000000001066e+01,5.953125000000005329e+00,-5.734375000000003553e+00,-9.875000000000007105e+00,-1.160937500000000711e+01,-8.265625000000005329e+00,-7.500000000000001110e-01,-1.562499999999998890e-01,2.500000000000002220e+00,7.859375000000005329e+00,8.328125000000005329e+00,9.250000000000005329e+00,4.937500000000002665e+00,-5.781250000000003553e+00,-1.275000000000000888e+01,-1.540625000000001066e+01,-1.131250000000000711e+01,-3.750000000000004441e-01,9.953125000000007105e+00,1.440625000000001066e+01,1.601562500000001066e+01,9.312500000000005329e+00,-1.562500000000088818e-02,-1.828125000000001776e+00,-9.406250000000007105e+00,-7.843750000000005329e+00,-3.234375000000001776e+00,-5.921875000000003553e+00,2.843750000000001332e+00,3.421875000000001776e+00,2.156250000000001776e+00,3.296875000000002220e+00,-4.468750000000002665e+00,-6.718750000000004441e+00,-6.359375000000004441e+00,-2.218750000000001776e+00,3.703125000000002665e+00,7.046875000000005329e+00,6.671875000000004441e+00,1.671875000000001110e+00,-1.718750000000000888e+00,-4.265625000000002665e+00,-3.015625000000001776e+00,7.187500000000006661e-01,5.156250000000003553e+00,1.095312500000000711e+01,1.350000000000001066e+01,1.053125000000000711e+01,2.468750000000001776e+00,-6.687500000000002665e+00,-1.385937500000000711e+01,-1.050000000000000711e+01,6.093750000000008882e-01,8.406250000000005329e+00,1.360937500000000711e+01,1.009375000000000711e+01,1.375000000000000666e+00,-2.765625000000001776e+00,-1.609375000000000444e+00,1.796875000000001998e+00,5.562500000000004441e+00,9.765625000000007105e+00,8.468750000000005329e+00,7.968750000000003553e+00,1.006250000000000533e+01,7.093750000000004441e+00,6.906250000000005329e+00,6.953125000000006217e+00,1.390625000000002220e+00,4.531250000000002220e-01,-2.265625000000002665e+00,-7.593750000000007105e+00,-7.109375000000006217e+00,-1.234375000000000711e+01,-1.889062500000001066e+01,-2.273437500000001421e+01,-2.959375000000002132e+01,-2.854687500000002132e+01,-2.084375000000001421e+01,-1.484375000000000888e+01,-5.109375000000003553e+00,3.703125000000002665e+00,1.115625000000000711e+01,2.821875000000001421e+01,4.195312500000002842e+01,4.804687500000002842e+01,4.379687500000002842e+01,1.684375000000001066e+01,-1.532812500000000888e+01,-4.318750000000002842e+01,-6.056250000000004263e+01,-5.589062500000004263e+01,-4.017187500000002842e+01,-2.284375000000001776e+01,-8.125000000000007105e+00,-7.656250000000011102e-01,4.843750000000001665e-01,4.062500000000001665e-01,-1.406250000000000555e-01,-3.953125000000001776e+00,-5.890625000000002665e+00,-4.171875000000001776e+00,-7.812500000000000000e-01,7.500000000000004441e+00,1.434375000000000888e+01,1.542187500000001066e+01,1.312500000000000711e+01,7.906250000000004441e+00,2.796875000000001776e+00,-9.687500000000003331e-01,-2.281250000000000888e+00,-2.031250000000000888e+00,1.031250000000000888e+00,6.546875000000003553e+00,1.345312500000000711e+01,1.843750000000001066e+01,1.709375000000001066e+01,1.523437500000001066e+01,8.718750000000005329e+00,6.046875000000003553e+00,9.703125000000005329e+00,9.343750000000007105e+00,1.312500000000000888e+01,9.437500000000007105e+00,3.390625000000003109e+00,3.156250000000002220e+00,7.031249999999998890e-01,7.546875000000005329e+00,1.140625000000000711e+01,1.129687500000000711e+01,1.076562500000000711e+01,2.156250000000001776e+00,-5.937500000000000000e-01,-4.281250000000003553e+00,-5.953125000000003553e+00,-4.078125000000003553e+00,-9.046875000000007105e+00,-1.003125000000000711e+01,-1.304687500000000711e+01,-1.639062500000001066e+01,-1.221875000000000711e+01,-9.781250000000005329e+00,-5.671875000000002665e+00,4.375000000000007772e-01,8.593750000000008882e-01,-5.000000000000002220e-01,-1.187500000000000666e+00,-2.500000000000001776e+00,-1.812500000000001554e+00,3.328125000000002665e+00,5.250000000000003553e+00,1.703125000000001110e+00,-2.656250000000004996e-01,-8.562500000000005329e+00,-1.176562500000000711e+01,-6.671875000000004441e+00,-5.203125000000003553e+00,3.531250000000002220e+00,4.656250000000002665e+00,3.125000000000044409e-02,-1.453125000000000222e+00,-1.064062500000000711e+01,-1.096875000000000711e+01,-8.703125000000003553e+00,-7.765625000000004441e+00,1.687500000000000888e+00,3.578125000000002665e+00,5.093750000000002665e+00,8.281250000000005329e+00,4.515625000000003553e+00,6.671875000000003553e+00,7.140625000000004441e+00,6.156250000000004441e+00,5.906250000000003553e+00,1.984375000000001332e+00,1.609375000000000888e+00,-1.171875000000000888e+00,7.656250000000008882e-01,3.515625000000002665e+00,1.703125000000001332e+00,3.468750000000002220e+00,1.515625000000000888e+00,-7.187500000000003331e-01,-1.718750000000001388e-01,2.187500000000001943e-01,-7.500000000000003331e-01,-1.093750000000000666e+00,-2.000000000000001332e+00,-5.968750000000004441e+00,-4.671875000000003553e+00,-2.593750000000002220e+00,4.374999999999995559e-01,6.921875000000003553e+00,6.718750000000003553e+00,5.296875000000003553e+00,1.562500000000001554e+00,-2.640625000000001776e+00,-1.875000000000001332e+00,-3.562500000000002220e+00,-1.656250000000001110e+00,-2.703125000000001776e+00,-4.437500000000003553e+00,3.125000000000002220e-01,-2.812500000000000000e-01,2.578125000000001776e+00,2.890625000000001776e+00,-3.250000000000002665e+00,-2.281250000000001776e+00,-3.156250000000002665e+00,-1.859375000000001998e+00,4.750000000000003553e+00,5.500000000000003553e+00,6.328125000000003553e+00,9.187500000000007105e+00,6.484375000000004441e+00,4.765625000000003553e+00,3.265625000000002220e+00,-4.921875000000002665e+00,-7.734375000000003553e+00,-9.468750000000005329e+00,-9.234375000000005329e+00,-2.562500000000001332e+00,-5.000000000000003331e-01,2.265625000000001332e+00,-3.124999999999995559e-01,-3.750000000000001776e+00,-4.750000000000002665e+00,-4.937500000000002665e+00,1.093750000000001110e+00,2.468750000000002220e+00,6.359375000000003553e+00,5.406250000000003553e+00,2.062500000000000888e+00,4.171875000000002665e+00,6.406250000000005551e-01,2.531250000000001776e+00,3.390625000000002220e+00,2.156250000000001332e+00,4.437500000000002665e+00,3.484375000000002665e+00,1.734375000000001332e+00,-1.031250000000000444e+00,-5.562500000000004441e+00,-7.718750000000006217e+00,-6.750000000000005329e+00,-4.765625000000003553e+00,1.078125000000000444e+00,2.640625000000001776e+00,2.046875000000001332e+00,2.421875000000001332e+00,-1.437500000000001110e+00,1.171875000000000000e+00,3.343750000000001332e+00,3.234375000000001332e+00,4.046875000000001776e+00,-2.312500000000001776e+00,-5.734375000000003553e+00,-8.343750000000005329e+00,-9.796875000000007105e+00,-4.796875000000003553e+00,-1.203125000000000666e+00,4.859375000000002665e+00,8.859375000000005329e+00,1.064062500000000711e+01,9.218750000000005329e+00,3.687500000000001776e+00,2.890625000000001332e+00,-2.203125000000001776e+00,-3.562500000000002220e+00,-2.453125000000000888e+00,-7.750000000000003553e+00,-5.625000000000003553e+00,-5.265625000000003553e+00,-3.375000000000001776e+00,3.406250000000001776e+00,4.359375000000002665e+00,7.875000000000003553e+00,7.078125000000003553e+00,3.250000000000001776e+00,9.375000000000006661e-01,-5.125000000000002665e+00,-8.328125000000005329e+00,-9.187500000000007105e+00,-7.109375000000005329e+00,-1.781250000000001332e+00,3.140625000000001776e+00,7.125000000000004441e+00,6.234375000000003553e+00,2.890625000000001776e+00,-2.343750000000000000e-01,-4.562500000000002665e+00,-3.812500000000002665e+00,-1.921875000000001110e+00,-1.312500000000000666e+00,4.375000000000001110e-01,-2.765625000000001776e+00,-4.968750000000003553e+00,-4.375000000000002665e+00,-3.328125000000001776e+00,1.562500000000000666e+00,3.843750000000002220e+00,2.609375000000001776e+00,2.968749999999997780e-01,-3.203125000000002220e+00,-4.406250000000002665e+00,-3.140625000000001776e+00,-7.812500000000004441e-01,-2.343750000000002776e-01,-9.375000000000011102e-02,2.343750000000001943e-01,2.656250000000002220e-01,3.109375000000001776e+00,4.203125000000001776e+00,2.390625000000001332e+00,-1.296875000000000888e+00,-6.437500000000003553e+00,-8.734375000000005329e+00,-9.031250000000005329e+00,-4.531250000000002665e+00,-7.031250000000008882e-01,2.250000000000000888e+00,7.265625000000004441e+00,6.625000000000003553e+00,8.343750000000005329e+00,8.734375000000005329e+00,5.906250000000003553e+00,4.984375000000003553e+00,1.140625000000000888e+00,-4.031250000000003553e+00,-9.156250000000007105e+00,-1.042187500000000711e+01,-8.578125000000005329e+00,-1.406250000000000000e-01,1.076562500000000711e+01,1.360937500000001066e+01,1.232812500000000888e+01,1.312500000000000888e+00,-1.279687500000000888e+01,-1.720312500000001066e+01,-1.640625000000001066e+01,-6.781250000000004441e+00,8.234375000000007105e+00,1.620312500000001066e+01,2.057812500000001421e+01,2.159375000000001421e+01,1.481250000000000888e+01,8.859375000000007105e+00,1.437500000000000888e+00,-8.140625000000003553e+00,-1.214062500000000711e+01,-1.223437500000000711e+01,-6.109375000000002665e+00,2.109375000000001332e+00,8.062500000000005329e+00,1.057812500000000711e+01,7.859375000000003553e+00,1.006250000000000711e+01,1.998437500000001421e+01,3.128125000000002487e+01,4.198437500000002842e+01,3.504687500000002842e+01,4.343750000000005329e+00,-3.598437500000002842e+01,-8.085937500000005684e+01,-1.059375000000000853e+02,-9.971875000000007105e+01,-7.353125000000005684e+01,-3.067187500000002842e+01,5.656250000000000000e+00,2.106250000000001066e+01,2.298437500000001421e+01,1.659375000000001066e+01,1.290625000000001066e+01,2.204687500000001776e+01,3.710937500000002842e+01,4.556250000000002842e+01,4.976562500000004263e+01,4.589062500000002842e+01,3.396875000000002132e+01,2.737500000000002132e+01,1.628125000000001066e+01,5.281250000000003553e+00,2.343750000000000888e+00,-6.406250000000011102e-01,6.140625000000004441e+00,1.103125000000000711e+01,8.312500000000003553e+00,1.796875000000000888e+00,-1.345312500000000711e+01,-2.220312500000001421e+01,-2.706250000000001776e+01,-2.843750000000002132e+01,-2.307812500000001776e+01,-2.145312500000001421e+01,-1.700000000000001066e+01,-1.001562500000000711e+01,-6.671875000000004441e+00,-2.687500000000001776e+00,-1.890625000000001110e+00,-7.437500000000003553e+00,-1.178125000000000711e+01,-1.595312500000001066e+01,-1.850000000000001066e+01,-1.156250000000000711e+01,-1.890625000000001554e+00,1.054687500000000711e+01,2.307812500000001421e+01,2.434375000000001776e+01,2.134375000000001421e+01,1.178125000000000711e+01,-1.437500000000000222e+00,-5.968750000000003553e+00,-9.906250000000007105e+00,-7.640625000000005329e+00,1.375000000000000666e+00,5.421875000000003553e+00,1.257812500000000711e+01,1.595312500000001066e+01,1.104687500000000711e+01,7.750000000000005329e+00,3.750000000000013323e-01,-5.578125000000002665e+00,-6.281250000000003553e+00,-5.515625000000003553e+00,-2.421875000000001776e+00,1.250000000000001110e-01,2.703125000000001776e+00,1.828125000000001110e+00,-1.562500000000011102e-02,2.500000000000000555e-01,-1.265625000000000666e+00,-1.875000000000000888e+00,-1.343750000000000666e+00,-5.000000000000002665e+00,-8.656250000000005329e+00,-7.265625000000005329e+00,-5.640625000000003553e+00,-2.968750000000004441e-01,6.515625000000003553e+00,6.234375000000003553e+00,2.984375000000001776e+00,-4.062500000000000000e-01,-3.718750000000001776e+00,-4.062500000000002665e+00,-5.625000000000004441e-01,6.250000000000011102e-02,-1.546875000000000888e+00,-8.125000000000004441e-01,-2.734375000000001332e+00,-3.343750000000001776e+00,-2.234375000000001332e+00,-3.921875000000001776e+00,-4.750000000000002665e+00,-2.093750000000000888e+00,-3.124999999999980571e-02,1.328125000000001110e+00,4.796875000000003553e+00,2.468750000000001776e+00,1.859375000000000666e+00,3.796875000000001776e+00,2.031249999999997780e-01,3.125000000000000000e-02,-3.187500000000001776e+00,-8.875000000000005329e+00,-7.656250000000004441e+00,-5.859375000000003553e+00,-1.093750000000000444e+00,6.109375000000004441e+00,8.328125000000005329e+00,7.609375000000005329e+00,5.453125000000003553e+00,3.406250000000001776e+00,4.125000000000002665e+00,8.125000000000003553e+00,9.765625000000005329e+00,7.156250000000004441e+00,1.171875000000000444e+00,-5.984375000000003553e+00,-7.156250000000005329e+00,-3.062500000000002665e+00,5.296875000000002665e+00,1.090625000000000711e+01,1.181250000000000711e+01,8.984375000000007105e+00,2.859375000000001332e+00,1.312500000000000666e+00,-5.156250000000004441e-01,-4.687500000000004441e-01,2.500000000000001776e+00,1.375000000000001110e+00,1.859375000000001332e+00,1.359375000000001110e+00,-3.890625000000002665e+00,-6.031250000000004441e+00,-7.187500000000004441e+00,-6.828125000000004441e+00,-1.750000000000001332e+00,2.171875000000001776e+00,3.968750000000002665e+00,3.515625000000002665e+00,1.562500000000001110e+00,-1.125000000000000888e+00,-2.687500000000001776e+00,-2.406250000000001332e+00,-2.640625000000001776e+00,-2.796875000000001776e+00,-3.656250000000002665e+00,-4.078125000000002665e+00,-3.359375000000002665e+00,-1.468750000000001110e+00,2.546875000000001332e+00,3.312500000000001776e+00,2.390625000000001332e+00,1.937500000000001110e+00,-5.625000000000003331e-01,1.093750000000000888e+00,2.906250000000001776e+00,2.750000000000001776e+00,1.140625000000000444e+00,-4.093750000000003553e+00,-7.140625000000005329e+00,-8.984375000000007105e+00,-6.171875000000004441e+00,-3.750000000000003331e-01,4.437500000000002665e+00,7.468750000000004441e+00,5.593750000000003553e+00,3.312500000000001776e+00,-1.187500000000001110e+00,-2.421875000000001776e+00,8.906250000000002220e-01,1.156250000000000666e+00,3.171875000000001776e+00,3.312500000000001776e+00,-1.625000000000000888e+00,-3.937500000000002665e+00,-4.671875000000002665e+00,-6.062500000000003553e+00,-4.593750000000003553e+00,-2.968750000000001776e+00,-3.156250000000002220e+00,-2.843750000000001776e+00,-7.187500000000003331e-01,1.562500000000000888e+00,2.296875000000001332e+00,4.578125000000002665e+00,4.531250000000002665e+00,1.312500000000000666e+00,1.328125000000000666e+00,-8.906250000000006661e-01,-4.812500000000002665e+00,-3.687500000000001776e+00,-3.359375000000001776e+00,-2.609375000000001332e+00,2.000000000000001332e+00,1.984375000000001110e+00,-1.125000000000000666e+00,-2.203125000000000888e+00,-4.578125000000002665e+00,-4.234375000000002665e+00,1.375000000000000888e+00,4.500000000000002665e+00,5.500000000000003553e+00,6.296875000000003553e+00,2.765625000000001776e+00,2.031250000000000278e-01,-2.343750000000002220e-01,-1.171875000000000888e+00,-7.500000000000005551e-01,-9.687500000000007772e-01,-1.125000000000000888e+00,-3.671875000000002220e+00,-5.359375000000003553e+00,-4.218750000000002665e+00,-5.312500000000003553e+00,-7.343750000000008882e-01,3.234375000000001776e+00,3.296875000000001776e+00,9.078125000000005329e+00,1.076562500000000711e+01,1.150000000000000711e+01,1.335937500000001066e+01,6.140625000000004441e+00,-8.187500000000005329e+00,-2.662500000000001421e+01,-4.831250000000002842e+01,-6.790625000000004263e+01,-6.656250000000004263e+01,-5.012500000000002842e+01,-1.853125000000000355e+01
3.106250000000000711e+01,6.543750000000002842e+01,3.250000000000001421e+01,1.750000000000001332e+00,-3.625000000000001776e+00,-2.687500000000001332e+00,-4.000000000000001776e+00,1.687500000000000888e+00,7.187500000000003553e+00,1.100000000000000533e+01,7.625000000000003553e+00,-6.375000000000003553e+00,-6.312500000000003553e+00,-2.062500000000000888e+00,-5.500000000000002665e+00,3.500000000000000888e+00,8.250000000000003553e+00,-2.562500000000000000e+00,-3.437500000000000000e+00,1.875000000000003331e-01,-1.375000000000000888e+00,-2.562500000000001776e+00,-1.068750000000000355e+01,-6.937500000000002665e+00,1.281250000000000711e+01,1.025000000000000533e+01,-8.125000000000002220e-01,2.250000000000000888e+00,-4.187500000000002665e+00,-1.000000000000000533e+01,-8.812500000000003553e+00,-1.793750000000001066e+01,-1.025000000000000533e+01,9.750000000000005329e+00,9.562500000000005329e+00,1.556250000000000711e+01,2.287500000000001421e+01,-5.312500000000001776e+00,-2.962500000000001421e+01,-8.062500000000003553e+00,1.956250000000001066e+01,1.456250000000000711e+01,4.250000000000001776e+00,9.500000000000005329e+00,7.250000000000003553e+00,-6.812500000000003553e+00,-1.237500000000000711e+01,-8.687500000000003553e+00,-1.875000000000001332e+00,4.625000000000001776e+00,-4.562500000000001776e+00,-1.381250000000000711e+01,4.312500000000000000e+00,1.618750000000000711e+01,-1.187500000000000888e+00,-1.081250000000000533e+01,-3.562500000000001776e+00,4.750000000000002665e+00,1.506250000000000711e+01,1.137500000000000355e+01,-8.937500000000003553e+00,-2.118750000000000711e+01,-1.350000000000000711e+01,1.393750000000000711e+01,2.150000000000001066e+01,-1.056250000000000355e+01,-2.081250000000001066e+01,6.250000000000000000e-02,6.687500000000003553e+00,7.687500000000003553e+00,1.062500000000000000e+00,-2.043750000000001066e+01,-1.325000000000000533e+01,1.206250000000000711e+01,6.000000000000003553e+00,-4.812500000000002665e+00,7.312500000000002665e+00,1.437500000000000888e+00,-2.087500000000001066e+01,-5.750000000000003553e+00,1.137500000000000711e+01,-6.812500000000002665e+00,-1.575000000000000711e+01,-7.875000000000003553e+00,7.000000000000003553e+00,2.237500000000001066e+01,1.900000000000001066e+01,7.312500000000003553e+00,1.500000000000000888e+00,1.250000000000000833e-01,2.500000000000001665e-01,6.250000000000005551e-02,-6.250000000000002776e-02,6.250000000000002776e-02,0.000000000000000000e+00,0.000000000000000000e+00,1.875000000000000833e-01,0.000000000000000000e+00,-1.250000000000000555e-01,2.500000000000001110e-01,4.375000000000002220e-01,1.875000000000001110e-01,-3.125000000000001665e-01,-6.250000000000003331e-01,-1.875000000000001110e-01,4.375000000000002220e-01,3.125000000000001665e-01,-1.875000000000001110e-01,-1.875000000000001110e-01,0.000000000000000000e+00,-6.250000000000002776e-02,0.000000000000000000e+00,1.250000000000000555e-01,0.000000000000000000e+00,-1.250000000000000555e-01,0.000000000000000000e+00,6.250000000000002776e-02,6.250000000000002776e-02,2.500000000000001110e-01,-6.250000000000000000e-02,-5.625000000000002220e-01,-6.250000000000005551e-02,5.625000000000002220e-01,3.125000000000001665e-01,-1.875000000000001110e-01,-1.250000000000000833e-01,3.125000000000001110e-01,-6.250000000000005551e-02,-6.875000000000004441e-01,-1.875000000000001110e-01,4.375000000000002220e-01,3.125000000000001110e-01,0.000000000000000000e+00,-1.250000000000000555e-01,-6.250000000000002776e-02,6.250000000000002776e-02,6.250000000000002776e-02,-1.875000000000001110e-01,-2.500000000000001110e-01,1.250000000000000833e-01,1.875000000000001110e-01,-2.500000000000001110e-01,-1.250000000000000555e-01,4.375000000000002220e-01,3.125000000000001665e-01,-6.250000000000002776e-02,-1.875000000000000833e-01,-2.500000000000001110e-01,-1.250000000000000555e-01,-6.250000000000002776e-02,6.250000000000002776e-02,4.375000000000002220e-01,3.125000000000001665e-01,-6.250000000000004163e-02,-1.387778780781445676e-17,-2.500000000000001110e-01,-5.625000000000002220e-01,1.250000000000001110e-01,5.625000000000003331e-01,-6.250000000000000000e-02,-2.500000000000001110e-01,1.250000000000000555e-01,-6.250000000000005551e-02,-3.750000000000002220e-01,6.250000000000000000e-02,5.000000000000002220e-01,6.250000000000000000e-02,-3.750000000000002220e-01,-1.250000000000000833e-01,1.250000000000000555e-01,1.250000000000000555e-01,1.875000000000000833e-01,1.250000000000000555e-01,-1.875000000000001110e-01,-2.500000000000001110e-01,1.875000000000000833e-01,6.250000000000003331e-01,8.125000000000004441e-01,3.562500000000001776e+00,1.012500000000000533e+01,1.175000000000000533e+01,-6.250000000000008882e-01,-1.868750000000001066e+01,-1.668750000000000711e+01,1.050000000000000533e+01,2.887500000000001421e+01,1.825000000000001066e+01,-9.312500000000003553e+00,-2.962500000000001421e+01,-1.312500000000000533e+01,1.793750000000000711e+01,1.081250000000000533e+01,-7.250000000000003553e+00,-1.500000000000000888e+00,1.250000000000000000e-01,3.250000000000000888e+00,9.000000000000003553e+00,-1.843750000000000711e+01,-2.856250000000001066e+01,3.006250000000001066e+01,5.593750000000002132e+01,-3.500000000000003553e+00,-3.950000000000001421e+01,-2.300000000000001066e+01,-5.750000000000003553e+00,6.125000000000002665e+00,1.031250000000000355e+01,2.425000000000000711e+01,2.256250000000000711e+01,-3.412500000000001421e+01,-5.106250000000002132e+01,7.750000000000003553e+00,3.200000000000001421e+01,1.350000000000000355e+01,1.487500000000000711e+01,6.937500000000004441e+00,-1.550000000000000711e+01,-1.256250000000000711e+01,-8.062500000000003553e+00,-1.562500000000000711e+01,-1.512500000000000711e+01,4.312500000000000888e+00,2.962500000000001421e+01,1.393750000000000888e+01,-2.262500000000000711e+01,-1.137500000000000533e+01,2.081250000000000711e+01,1.100000000000000711e+01,-1.118750000000000355e+01,-6.937500000000003553e+00,-5.000000000000001776e+00,-4.687500000000001776e+00,8.375000000000003553e+00,1.343750000000000711e+01,4.500000000000002665e+00,-1.143750000000000355e+01,-1.393750000000000533e+01,-3.937500000000001776e+00,-2.500000000000000888e+00,6.625000000000002665e+00,1.375000000000000533e+01,-4.500000000000001776e+00,-1.243750000000000533e+01,3.875000000000001776e+00,8.125000000000003553e+00,-2.750000000000000888e+00,-5.812500000000002665e+00,-1.937500000000000888e+00,-1.875000000000000833e-01,6.250000000000002776e-02,3.750000000000001665e-01,3.125000000000001110e-01,0.000000000000000000e+00,-6.250000000000002776e-02,-6.250000000000002776e-02,-1.250000000000000555e-01,0.000000000000000000e+00,6.250000000000002776e-02,-1.875000000000001110e-01,-1.875000000000001110e-01,1.250000000000000555e-01,0.000000000000000000e+00,-1.250000000000000555e-01,2.500000000000001110e-01,3.125000000000001110e-01,-6.250000000000002776e-02,-1.875000000000000833e-01,-1.312500000000000444e+00,-3.562500000000001332e+00,-9.375000000000004441e-01,5.937500000000001776e+00,5.250000000000001776e+00,-3.312500000000001332e+00,-6.812500000000003553e+00,-5.375000000000001776e+00,-4.937500000000001776e+00,2.937500000000000888e+00,7.562500000000002665e+00,-1.750000000000000888e+00,2.812500000000001776e+00,1.175000000000000711e+01,-1.131250000000000355e+01,-3.262500000000001421e+01,-2.937500000000001776e+00,3.668750000000001421e+01,1.775000000000000711e+01,-2.156250000000001066e+01,-1.062500000000000355e+01,2.087500000000001066e+01,1.450000000000000711e+01,-1.575000000000000711e+01,-1.581250000000000711e+01,4.812500000000001776e+00,-1.937500000000000888e+00,-9.437500000000003553e+00,7.562500000000002665e+00,9.062500000000003553e+00,-6.125000000000001776e+00,-5.187500000000001776e+00,1.200000000000000533e+01,2.175000000000000711e+01,5.875000000000000888e+00,-1.668750000000001066e+01,-2.500000000000001421e+01,-1.737500000000000711e+01,5.562500000000001776e+00,1.512500000000000711e+01,2.687500000000001332e+00,-9.625000000000005329e+00,-1.112500000000000533e+01,1.500000000000000533e+01,3.325000000000001421e+01,8.125000000000003553e+00,-1.037500000000000711e+01,-1.393750000000000711e+01,-1.725000000000000711e+01,4.750000000000003553e+00,1.568750000000000888e+01,-9.000000000000005329e+00,-1.762500000000001066e+01,1.000000000000000888e+00,2.043750000000001066e+01,1.850000000000000711e+01,-7.187500000000003553e+00,-1.212500000000000533e+01,3.687500000000001332e+00,-3.250000000000001776e+00,-8.687500000000003553e+00,1.250000000000000444e+00,-6.750000000000002665e+00,-1.162500000000000355e+01,9.250000000000003553e+00,2.168750000000000711e+01,7.312500000000002665e+00,-1.600000000000000711e+01,-1.775000000000000711e+01,1.137500000000000533e+01,1.850000000000000711e+01,-1.256250000000000711e+01,-1.600000000000000711e+01,8.062500000000003553e+00,8.937500000000003553e+00,2.875000000000000888e+00,1.106250000000000355e+01,1.000000000000000355e+01,-7.250000000000002665e+00,-1.881250000000000711e+01,-8.625000000000003553e+00,3.562500000000000888e+00,-3.750000000000008882e-01,3.687500000000002220e+00,1.150000000000000711e+01,1.312500000000000888e+00,-5.625000000000002665e+00,-2.937500000000001332e+00,-6.625000000000001776e+00,-7.500000000000000000e-01,1.137500000000000355e+01,1.874999999999991118e-01,-1.050000000000000533e+01,-1.937500000000000888e+00,2.562500000000000888e+00,3.500000000000000888e+00,8.687500000000003553e+00,9.562500000000003553e+00,3.500000000000001776e+00,-7.375000000000003553e+00,-2.006250000000001066e+01,-1.225000000000000711e+01,1.262500000000000355e+01,1.250000000000000355e+01,-6.750000000000003553e+00,-4.250000000000001776e+00,2.237500000000000711e+01,1.762500000000000711e+01,-2.718750000000001421e+01,-2.956250000000001421e+01,4.500000000000001776e+00,1.075000000000000355e+01,7.375000000000002665e+00,7.125000000000002665e+00,-5.000000000000000000e-01,-2.125000000000000888e+00,-3.437500000000001776e+00,-2.687500000000001332e+00,1.456250000000000711e+01,1.337500000000000711e+01,-9.625000000000003553e+00,-1.087500000000000355e+01,-1.500000000000000666e+00,-2.687500000000000888e+00,-8.437500000000003553e+00,-7.437500000000003553e+00,5.750000000000002665e+00,9.062500000000003553e+00,1.562500000000000888e+00,1.087500000000000355e+01,1.400000000000000533e+01,-1.437500000000000533e+01,-2.981250000000001421e+01,-6.062500000000003553e+00,1.768750000000000711e+01,9.875000000000003553e+00,-5.500000000000001776e+00,1.437500000000000888e+00,1.081250000000000533e+01,-4.500000000000002665e+00,-2.512500000000001421e+01,-9.937500000000003553e+00,2.900000000000001421e+01,3.187500000000001421e+01,-4.125000000000001776e+00,-2.043750000000000711e+01,-1.256250000000000533e+01,-8.875000000000003553e+00,7.937500000000005329e+00,1.762500000000000711e+01,-8.375000000000005329e+00,-1.381250000000000711e+01,7.187500000000003553e+00,2.437500000000001776e+00,1.687500000000001776e+00,2.150000000000001066e+01,7.125000000000003553e+00,-2.968750000000001066e+01,-2.200000000000000711e+01,1.356250000000000533e+01,8.187500000000003553e+00,-1.556250000000000711e+01,7.437500000000003553e+00,3.287500000000001421e+01,5.000000000000000000e-01,-2.287500000000001066e+01,2.500000000000000000e-01,7.000000000000003553e+00,-4.687500000000001776e+00,-6.750000000000003553e+00,5.000000000000000000e-01,6.000000000000003553e+00,-6.750000000000003553e+00,-1.562500000000001776e+00,1.881250000000000711e+01,1.625000000000000000e+00,-1.837500000000000711e+01,-5.750000000000001776e+00,3.125000000000000000e-01,-4.375000000000001776e+00,1.362500000000000711e+01,2.162500000000001066e+01,-1.056250000000000355e+01,-2.406250000000001066e+01,5.812500000000003553e+00,1.643750000000000711e+01,-8.000000000000001776e+00,-1.037500000000000355e+01,8.687500000000003553e+00,5.437500000000002665e+00,3.437500000000001776e+00,1.943750000000001066e+01,4.125000000000003553e+00,-3.131250000000001421e+01,-2.175000000000001066e+01,7.125000000000003553e+00,1.306250000000000711e+01,2.075000000000001066e+01,1.631250000000000711e+01,-1.750000000000001066e+01,-2.712500000000001421e+01,2.750000000000001776e+00,2.050000000000001066e+01,9.375000000000005329e+00,-8.625000000000003553e+00,-1.118750000000000355e+01,1.087500000000000355e+01,1.725000000000000711e+01,-7.562500000000001776e+00,-8.250000000000001776e+00,1.087500000000000533e+01,5.125000000000001776e+00,-4.625000000000001776e+00,-1.187499999999999556e+00,4.375000000000009437e-01,-4.687500000000002665e+00,-8.125000000000005329e+00,4.562500000000001776e+00,7.125000000000003553e+00,-1.893750000000000711e+01,-2.625000000000001066e+01,-7.250000000000003553e+00,3.375000000000001776e+00,1.068750000000000533e+01,9.437500000000003553e+00,-1.143750000000000533e+01,-1.950000000000000711e+01,9.125000000000003553e+00,4.893750000000002132e+01,4.125000000000002132e+01,-7.000000000000000000e+00,-1.687500000000000711e+01,-4.875000000000001776e+00,-2.987500000000001421e+01,-4.737500000000002132e+01,-1.468750000000000355e+01,2.506250000000001066e+01,2.200000000000000711e+01,-1.306250000000000533e+01,-2.418750000000001066e+01,4.875000000000002665e+00,2.087500000000001421e+01,2.937500000000002665e+00,-9.750000000000003553e+00,-1.218750000000000533e+01,-1.206250000000000711e+01,8.875000000000003553e+00,2.387500000000001421e+01,4.312500000000001776e+00,-8.125000000000003553e+00,5.312500000000002665e+00,4.625000000000001776e+00,-8.750000000000005329e+00,-6.875000000000008882e-01,8.625000000000003553e+00,-5.187500000000001776e+00,-1.143750000000000533e+01,5.375000000000001776e+00,1.556250000000000711e+01,1.187500000000000533e+01,6.812500000000002665e+00,-4.500000000000002665e+00,-9.750000000000005329e+00,-1.187500000000001332e+00,8.250000000000003553e+00,1.375000000000000711e+01,6.875000000000003553e+00,-2.937500000000001332e+00,-7.437500000000003553e+00,-9.000000000000003553e+00,3.000000000000000888e+00,1.337500000000000711e+01,9.500000000000005329e+00,1.312500000000000000e+00,-2.937500000000001776e+00,-9.375000000000001110e-01,-4.625000000000002665e+00,-5.562500000000002665e+00,3.750000000000002665e+00,6.875000000000003553e+00,-2.125000000000001332e+00,-1.550000000000000711e+01,-8.875000000000003553e+00,7.750000000000002665e+00,-2.250000000000001776e+00,-1.212500000000000533e+01,1.437500000000000000e+00,8.250000000000003553e+00,6.250000000000003553e+00,1.562500000000000888e+00,-1.400000000000000711e+01,-1.156250000000000711e+01,1.300000000000000711e+01,1.125000000000000711e+01,-4.437500000000001776e+00,2.625000000000000444e+00,2.812500000000000000e+00,-1.231250000000000533e+01,-1.581250000000000711e+01,-1.000000000000001776e+00,1.687500000000000711e+01,9.062500000000003553e+00,-6.125000000000002665e+00,-4.437500000000001776e+00,-2.187500000000000888e+00,-1.687500000000000666e+00,-6.062500000000002665e+00,-7.687500000000003553e+00,2.437500000000000888e+00,5.687500000000002665e+00,6.687500000000003553e+00,3.500000000000001776e+00,-8.187500000000003553e+00,-1.375000000000001776e+00,9.312500000000003553e+00,2.562500000000000888e+00,7.500000000000000000e-01,5.000000000000001776e+00,-4.250000000000002665e+00,-8.750000000000003553e+00,7.062500000000002665e+00,4.062500000000001776e+00,-8.625000000000003553e+00,9.000000000000005329e+00,1.143750000000000711e+01,-1.631250000000000711e+01,-1.118750000000000533e+01,1.762500000000000711e+01,9.625000000000005329e+00,-1.556250000000000711e+01,-9.187500000000003553e+00,1.362500000000000711e+01,9.312500000000003553e+00,-1.968750000000000711e+01,-1.743750000000000711e+01,1.775000000000000711e+01,2.231250000000000711e+01,-2.187500000000001776e+00,-1.093750000000000533e+01,-4.937500000000001776e+00,-2.812500000000001332e+00,2.750000000000000888e+00,1.131250000000000533e+01,-9.375000000000000000e-01,-1.443750000000000711e+01,-5.062500000000002665e+00,5.437500000000002665e+00,9.000000000000003553e+00,4.687500000000002665e+00,-3.375000000000001776e+00,-6.062500000000003553e+00,-9.000000000000003553e+00,3.750000000000017764e-01,1.231250000000000711e+01,1.562500000000001776e+00,-3.375000000000001776e+00,3.625000000000000888e+00,-2.000000000000000888e+00,2.687500000000001776e+00,1.331250000000000711e+01,-2.375000000000000888e+00,-1.412500000000000533e+01,-3.625000000000000888e+00,1.062500000000000444e+00,-5.312500000000001776e+00,-1.687500000000000444e+00,1.193750000000000533e+01,6.625000000000002665e+00,-9.250000000000003553e+00,-8.500000000000003553e+00,-6.875000000000004441e-01,-1.312500000000000444e+00,8.125000000000008882e-01,1.243750000000000533e+01,6.187500000000001776e+00,-1.012500000000000533e+01,-7.750000000000003553e+00,5.062500000000001776e+00,1.293750000000000711e+01,3.125000000000000000e-01,-1.412500000000000711e+01,-1.000000000000000000e+00,1.381250000000000711e+01,5.562500000000002665e+00,-5.875000000000002665e+00,-4.812500000000001776e+00,-1.875000000000000888e+00,-3.500000000000001776e+00,-2.500000000000001332e+00,-6.250000000000001110e-01,6.250000000000011102e-02,1.018750000000000355e+01,9.062500000000003553e+00,-1.387500000000000711e+01,-1.418750000000000711e+01,8.562500000000003553e+00,1.431250000000000533e+01,3.125000000000000888e+00,-3.750000000000001776e+00,-5.187500000000002665e+00,-1.025000000000000533e+01,-2.187500000000000888e+00,1.118750000000000711e+01,-4.125000000000001776e+00,-1.593750000000000711e+01,8.062500000000003553e+00,2.218750000000001066e+01,1.625000000000000000e+00,-8.187500000000003553e+00,-7.500000000000000000e-01,-5.250000000000002665e+00,2.000000000000000888e+00,1.206250000000000533e+01,-6.500000000000003553e+00,-1.500000000000000711e+01,1.125000000000000000e+00,7.000000000000002665e+00,-3.750000000000000888e+00,-3.500000000000000888e+00,1.118750000000000355e+01,6.437500000000002665e+00,-6.625000000000002665e+00,-3.125000000000000000e-01,4.750000000000001776e+00,-2.062500000000001332e+00,-7.250000000000003553e+00,-8.375000000000003553e+00,-4.687500000000001776e+00,7.375000000000003553e+00,1.312500000000000711e+01,8.750000000000008882e-01,-7.250000000000003553e+00,3.750000000000004441e-01,4.750000000000002665e+00,-2.937500000000000888e+00,-1.175000000000000533e+01,-2.312500000000001776e+00,1.612500000000000711e+01,9.250000000000003553e+00,-1.343750000000000711e+01,-1.700000000000000711e+01,1.000000000000000888e+00,1.362500000000000711e+01,4.000000000000001776e+00,-4.687500000000002665e+00,2.312500000000000888e+00,2.000000000000000888e+00,-8.437500000000003553e+00,-6.937500000000003553e+00,4.062500000000001776e+00,8.062500000000003553e+00,3.500000000000001776e+00,-6.500000000000003553e+00,-1.006250000000000533e+01,2.437500000000000888e+00,1.106250000000000355e+01,4.875000000000001776e+00,-8.750000000000003331e-01,-3.750000000000002220e+00,-9.312500000000003553e+00,-7.937500000000003553e+00,3.125000000000000888e+00,6.562500000000002665e+00,8.750000000000004441e-01,-4.625000000000001776e+00,-2.250000000000000888e+00,1.181250000000000355e+01,9.562500000000003553e+00,-8.750000000000003553e+00,-4.875000000000001776e+00,9.437500000000005329e+00,5.187500000000002665e+00,-4.250000000000002665e+00,-7.562500000000003553e+00,-1.187500000000000533e+01,-7.062500000000003553e+00,7.375000000000003553e+00,1.606250000000000711e+01,1.500000000000000711e+01,2.625000000000001332e+00,-9.437500000000003553e+00,-1.662500000000000711e+01,-2.056250000000000711e+01,-1.187500000000000000e+00,2.031250000000000711e+01,9.125000000000003553e+00,-7.499999999999997780e-01,7.375000000000003553e+00,5.750000000000002665e+00,1.937500000000000444e+00,3.125000000000000888e+00,-9.375000000000002220e-01,-5.062500000000001776e+00,-1.106250000000000533e+01,-1.500000000000000711e+01,2.187500000000000888e+00,2.356250000000001066e+01,1.050000000000000533e+01,-1.156250000000000533e+01,-1.500000000000000000e+00,2.187500000000001776e+00,-1.237500000000000533e+01,1.281250000000000355e+01,5.456250000000002132e+01,3.825000000000001421e+01,-2.337500000000001421e+01,-5.912500000000002842e+01,-4.268750000000001421e+01,-2.906250000000001421e+01,-3.881250000000002132e+01,-1.825000000000000711e+01,2.656250000000001421e+01,4.675000000000001421e+01,2.662500000000000711e+01,-2.481250000000001421e+01,-4.531250000000002132e+01,5.062500000000003553e+00,4.600000000000001421e+01,2.625000000000000711e+01,6.437500000000002665e+00,5.312500000000002665e+00,1.312500000000000888e+00,8.062500000000003553e+00,1.650000000000000711e+01,9.375000000000005329e+00,-9.750000000000005329e+00,-2.387500000000001066e+01,-6.562500000000001776e+00,2.281250000000001066e+01,2.681250000000001066e+01,3.875000000000000000e+00,-2.081250000000001066e+01,-2.212500000000001066e+01,-8.375000000000003553e+00,5.062500000000001776e+00,3.875000000000001776e+00,-1.462500000000000711e+01,-1.706250000000000711e+01,-1.000000000000000444e+00,7.000000000000003553e+00,7.812500000000003553e+00,-7.500000000000000000e-01,-1.187500000000000533e+01,-1.312500000000001776e+00,8.500000000000003553e+00,-8.750000000000003553e+00,-2.275000000000000711e+01,-8.250000000000005329e+00,1.587500000000000711e+01,1.750000000000001066e+01,4.625000000000002665e+00,8.250000000000003553e+00,1.093750000000000355e+01,-3.937500000000001776e+00,-1.487500000000000711e+01,-1.012500000000000533e+01,6.625000000000002665e+00,7.875000000000003553e+00,-9.500000000000003553e+00,-2.875000000000000888e+00,1.625000000000000711e+01,1.418750000000000711e+01,2.062500000000000444e+00,-1.056250000000000355e+01,-1.056250000000000355e+01,4.937500000000002665e+00,5.375000000000003553e+00,-8.750000000000003553e+00,-4.937500000000002665e+00,8.312500000000003553e+00,5.625000000000002665e+00,3.750000000000004996e-01,-3.312500000000001332e+00,-1.050000000000000533e+01,1.187500000000000000e+00,1.518750000000000711e+01,-1.437500000000000000e+00,-1.262500000000000533e+01,-1.250000000000000444e+00,-4.375000000000001776e+00,-7.812500000000003553e+00,8.375000000000003553e+00,1.425000000000000533e+01,5.500000000000002665e+00,-4.875000000000000888e+00,-1.606250000000000711e+01,-8.562500000000003553e+00,1.406250000000000711e+01,1.268750000000000711e+01,-5.125000000000001776e+00,-1.037500000000000355e+01,-7.375000000000003553e+00,4.750000000000001776e+00,1.387500000000000711e+01,-2.187500000000000000e+00,-1.575000000000000711e+01,-4.312500000000002665e+00,5.437500000000001776e+00,6.062500000000002665e+00,5.625000000000002665e+00,-2.750000000000000888e+00,-6.125000000000002665e+00,-6.250000000000001110e-01,3.937500000000002220e+00,8.937500000000003553e+00,5.000000000000000000e-01,-1.187500000000000533e+01,-5.937500000000003553e+00,-7.500000000000002220e-01,-1.625000000000000444e+00,3.625000000000001332e+00,5.562500000000002665e+00,5.125000000000002665e+00,6.375000000000003553e+00,-2.937500000000001776e+00,-1.312500000000000711e+01,-2.312500000000001776e+00,1.543750000000000533e+01,1.637500000000000711e+01,2.437500000000001332e+00,-1.250000000000000533e+01,-1.718750000000000711e+01,-7.437500000000003553e+00,1.018750000000000533e+01,1.762500000000000711e+01,8.562500000000003553e+00,-4.500000000000001776e+00,-7.875000000000003553e+00,-1.875000000000000888e+00,3.812500000000001776e+00,7.375000000000003553e+00,-9.999999999999991118e-01,-1.262500000000000533e+01,2.000000000000000000e+00,1.637500000000000711e+01,6.250000000000000000e-01,-1.187500000000000711e+01,-6.875000000000003553e+00,-2.187500000000001332e+00,1.187500000000000444e+00,3.000000000000001776e+00,3.250000000000001776e+00,4.937500000000001776e+00,-2.500000000000008882e-01,-8.437500000000003553e+00,-5.000000000000000000e-01,8.375000000000003553e+00,-4.437500000000001776e+00,-1.012500000000000355e+01,7.750000000000005329e+00,9.437500000000005329e+00,-1.268750000000000711e+01,-1.325000000000000711e+01,7.875000000000003553e+00,1.218750000000000533e+01,4.625000000000001776e+00,-2.750000000000001776e+00,-1.256250000000000533e+01,-5.312500000000001776e+00,1.325000000000000533e+01,1.000000000000000355e+01,-6.250000000000002665e+00,-4.937500000000001776e+00,2.750000000000001332e+00,-5.250000000000002665e+00,-9.375000000000005329e+00,-4.375000000000000000e-01,4.187500000000001776e+00,7.062500000000002665e+00,1.006250000000000355e+01,-1.187500000000001776e+00,-1.287500000000000711e+01,-7.500000000000000000e-01,6.125000000000003553e+00,-4.437500000000001776e+00,3.562500000000001776e+00,1.025000000000000355e+01,-6.000000000000002665e+00,-5.562500000000002665e+00,3.687500000000001332e+00,-7.500000000000003553e+00,-5.625000000000001776e+00,1.106250000000000533e+01,2.125000000000000888e+00,-1.150000000000000533e+01,-1.875000000000000888e+00,3.312500000000001776e+00,9.375000000000005551e-01,7.625000000000004441e+00,1.750000000000001776e+00,-9.187500000000003553e+00,1.937500000000001776e+00,7.562500000000003553e+00,-2.000000000000001332e+00,-3.687500000000002220e+00,-6.250000000000001776e+00,-5.062500000000001776e+00,8.250000000000003553e+00,6.562500000000003553e+00,-2.875000000000000888e+00,8.750000000000006661e-01,-3.000000000000000444e+00,-1.100000000000000355e+01,-2.000000000000000888e+00,8.750000000000003553e+00,1.093750000000000355e+01,4.000000000000000888e+00,-1.137500000000000355e+01,-7.375000000000002665e+00,1.287500000000000355e+01,6.687500000000001776e+00,-1.393750000000000533e+01,-6.437500000000001776e+00,1.212500000000000533e+01,6.437500000000002665e+00,-8.000000000000003553e+00,-1.037500000000000533e+01,-2.375000000000000888e+00,7.250000000000002665e+00,1.500000000000000000e+00,-2.937500000000001332e+00,6.875000000000003553e+00,3.750000000000008882e-01,-6.062500000000002665e+00,1.068750000000000533e+01,1.568750000000000711e+01,2.562500000000001332e+00,-9.375000000000005329e+00,-1.950000000000001066e+01,-1.468750000000000888e+01,-1.325000000000000533e+01,-4.818750000000001421e+01,-4.418750000000002132e+01
8.525000000000001421e+01,-8.500000000000001776e+00,1.825000000000000355e+01,-4.000000000000000888e+00,-1.475000000000000355e+01,2.550000000000000711e+01,-3.025000000000000711e+01,2.025000000000000355e+01,-2.750000000000000444e+00,-8.250000000000001776e+00,2.750000000000000355e+01,-2.575000000000000355e+01,4.250000000000000888e+00,1.025000000000000178e+01,-1.625000000000000355e+01,4.000000000000000000e+00,1.425000000000000355e+01,-1.225000000000000355e+01,-3.250000000000000888e+00,1.525000000000000355e+01,-2.050000000000000711e+01,1.650000000000000355e+01,-6.250000000000001776e+00,-1.750000000000000355e+01,1.925000000000000355e+01,8.750000000000003553e+00,-2.300000000000000711e+01,2.100000000000000355e+01,-3.500000000000000000e+00,-1.975000000000000711e+01,2.225000000000000711e+01,-1.750000000000000355e+01,-1.625000000000000711e+01,2.900000000000000711e+01,-1.175000000000000355e+01,-5.500000000000001776e+00,3.100000000000000711e+01,-1.075000000000000178e+01,-1.775000000000000355e+01,-4.250000000000001776e+00,1.700000000000000355e+01,7.000000000000001776e+00,-1.700000000000000355e+01,2.050000000000000711e+01,-8.000000000000003553e+00,8.000000000000003553e+00,-2.000000000000000711e+01,1.625000000000000355e+01,-1.850000000000000355e+01,1.375000000000000355e+01,3.500000000000000888e+00,-2.025000000000000711e+01,5.250000000000001776e+00,1.750000000000000355e+01,-6.750000000000000888e+00,-1.400000000000000355e+01,1.650000000000000355e+01,-1.575000000000000355e+01,1.250000000000000355e+01,1.150000000000000355e+01,-1.425000000000000355e+01,-7.500000000000002220e-01,-5.750000000000001776e+00,-1.175000000000000178e+01,4.475000000000001421e+01,-2.900000000000000711e+01,-1.375000000000000355e+01,1.950000000000000355e+01,-7.500000000000001776e+00,-2.750000000000000888e+00,1.850000000000000711e+01,-1.625000000000000355e+01,-2.325000000000000711e+01,3.750000000000000711e+01,-1.700000000000000355e+01,5.000000000000000000e-01,-2.750000000000000000e+00,1.925000000000000355e+01,-1.625000000000000355e+01,-3.425000000000000711e+01,7.675000000000001421e+01,-7.875000000000001421e+01,5.325000000000000711e+01,-4.050000000000000711e+01,1.775000000000000355e+01,6.250000000000002665e+00,5.250000000000000888e+00,5.000000000000001110e-01,-2.500000000000000555e-01,0.000000000000000000e+00,2.500000000000000555e-01,0.000000000000000000e+00,-2.500000000000000555e-01,2.500000000000000555e-01,0.000000000000000000e+00,-2.500000000000000555e-01,2.500000000000000555e-01,2.500000000000000555e-01,-7.500000000000002220e-01,7.500000000000002220e-01,-2.500000000000000555e-01,2.500000000000000555e-01,0.000000000000000000e+00,-5.000000000000001110e-01,0.000000000000000000e+00,2.500000000000000555e-01,2.500000000000000555e-01,-2.500000000000000555e-01,-2.500000000000000555e-01,5.000000000000001110e-01,-5.000000000000001110e-01,2.500000000000000555e-01,0.000000000000000000e+00,0.000000000000000000e+00,0.000000000000000000e+00,-2.500000000000000555e-01,5.000000000000001110e-01,-5.000000000000001110e-01,2.500000000000000555e-01,5.000000000000001110e-01,-1.000000000000000222e+00,2.500000000000000555e-01,5.000000000000001110e-01,-2.500000000000000555e-01,2.500000000000000555e-01,-5.000000000000001110e-01,2.500000000000000555e-01,7.500000000000002220e-01,-1.500000000000000444e+00,7.500000000000002220e-01,0.000000000000000000e+00,0.000000000000000000e+00,2.500000000000000555e-01,-5.000000000000001110e-01,5.000000000000001110e-01,-5.000000000000001110e-01,5.000000000000001110e-01,-2.500000000000000555e-01,-2.500000000000000555e-01,2.500000000000000555e-01,0.000000000000000000e+00,2.500000000000000555e-01,-1.000000000000000222e+00,1.250000000000000444e+00,-5.000000000000001110e-01,0.000000000000000000e+00,2.500000000000000555e-01,-5.000000000000001110e-01,2.500000000000000555e-01,0.000000000000000000e+00,-2.500000000000000555e-01,2.500000000000000555e-01,5.000000000000001110e-01,-7.500000000000002220e-01,5.000000000000001110e-01,0.000000000000000000e+00,-5.000000000000001110e-01,-2.500000000000000555e-01,1.250000000000000444e+00,-1.000000000000000222e+00,2.500000000000000555e-01,0.000000000000000000e+00,2.500000000000000555e-01,-5.000000000000001110e-01,0.000000000000000000e+00,5.000000000000001110e-01,0.000000000000000000e+00,-5.000000000000001110e-01,2.500000000000000555e-01,0.000000000000000000e+00,0.000000000000000000e+00,0.000000000000000000e+00,2.500000000000000555e-01,-2.500000000000000555e-01,0.000000000000000000e+00,-2.500000000000000555e-01,7.500000000000002220e-01,-5.000000000000001110e-01,1.000000000000000222e+00,-5.000000000000001110e-01,1.150000000000000355e+01,-6.000000000000001776e+00,3.000000000000000000e+00,-2.400000000000000711e+01,1.575000000000000355e+01,8.250000000000001776e+00,7.500000000000001776e+00,-3.000000000000000000e+00,-8.750000000000003553e+00,-2.250000000000000355e+01,2.850000000000000711e+01,6.500000000000001776e+00,-2.650000000000000711e+01,1.875000000000000355e+01,5.000000000000000000e-01,-2.100000000000000355e+01,3.300000000000000711e+01,-1.375000000000000178e+01,-2.350000000000000711e+01,-8.250000000000000000e+00,8.175000000000001421e+01,-4.950000000000001421e+01,-1.225000000000000355e+01,1.325000000000000355e+01,-2.125000000000000355e+01,1.200000000000000178e+01,1.575000000000000355e+01,-3.875000000000000711e+01,7.500000000000001421e+01,-4.550000000000001421e+01,-3.850000000000000711e+01,2.925000000000000711e+01,1.675000000000000355e+01,-1.200000000000000355e+01,-3.000000000000000444e+00,4.175000000000000711e+01,-5.825000000000001421e+01,3.425000000000000711e+01,-1.350000000000000355e+01,-1.050000000000000355e+01,1.200000000000000355e+01,-2.775000000000000355e+01,3.400000000000000711e+01,1.025000000000000178e+01,-2.750000000000000355e+01,-4.000000000000000888e+00,1.550000000000000355e+01,1.625000000000000355e+01,-3.125000000000000711e+01,1.350000000000000355e+01,8.250000000000003553e+00,-3.300000000000000711e+01,3.975000000000000711e+01,-2.625000000000000711e+01,2.375000000000000711e+01,-9.750000000000001776e+00,-2.025000000000000711e+01,2.500000000000000711e+01,-1.900000000000000355e+01,1.000000000000000000e+00,2.025000000000000711e+01,-9.500000000000003553e+00,-1.350000000000000355e+01,1.100000000000000178e+01,5.000000000000001776e+00,-7.000000000000001776e+00,0.000000000000000000e+00,0.000000000000000000e+00,-2.500000000000000555e-01,2.500000000000000555e-01,-2.500000000000000555e-01,7.500000000000002220e-01,-7.500000000000002220e-01,5.000000000000001110e-01,-2.500000000000000555e-01,0.000000000000000000e+00,0.000000000000000000e+00,0.000000000000000000e+00,2.500000000000000555e-01,-7.500000000000002220e-01,7.500000000000002220e-01,-2.500000000000000555e-01,-2.500000000000000555e-01,2.500000000000000555e-01,2.500000000000000555e-01,-2.500000000000000555e-01,0.000000000000000000e+00,0.000000000000000000e+00,0.000000000000000000e+00,-5.000000000000000888e+00,5.750000000000000888e+00,3.250000000000000888e+00,-3.750000000000000888e+00,-1.500000000000000222e+00,-3.500000000000000888e+00,7.500000000000001776e+00,-2.075000000000000355e+01,3.375000000000000711e+01,-2.525000000000000711e+01,4.250000000000000888e+00,1.325000000000000355e+01,0.000000000000000000e+00,-2.425000000000000711e+01,-5.500000000000000000e+00,2.375000000000000355e+01,2.325000000000000711e+01,-4.250000000000001421e+01,1.200000000000000355e+01,4.000000000000000888e+00,1.625000000000000355e+01,-1.100000000000000355e+01,-2.350000000000000355e+01,2.800000000000000711e+01,-6.500000000000001776e+00,-1.775000000000000355e+01,1.375000000000000355e+01,1.175000000000000178e+01,-2.175000000000000711e+01,1.550000000000000355e+01,-1.675000000000000355e+01,2.850000000000000711e+01,-5.750000000000001776e+00,-9.500000000000001776e+00,-1.250000000000000222e+00,-1.025000000000000178e+01,-7.750000000000001776e+00,3.750000000000000711e+01,-3.900000000000000711e+01,3.275000000000000711e+01,-2.850000000000000711e+01,-2.500000000000000000e+00,4.450000000000001421e+01,-2.175000000000000711e+01,-8.500000000000001776e+00,2.150000000000000355e+01,-3.400000000000000711e+01,7.000000000000001776e+00,2.950000000000000711e+01,-2.650000000000000711e+01,-2.250000000000000000e+00,7.000000000000001776e+00,-8.500000000000001776e+00,3.150000000000000711e+01,-1.900000000000000355e+01,-1.200000000000000178e+01,1.575000000000000355e+01,5.000000000000000888e+00,-3.275000000000000711e+01,3.700000000000000711e+01,-2.200000000000000711e+01,-3.000000000000000000e+00,1.750000000000000000e+00,1.550000000000000355e+01,-1.500000000000000888e+00,-4.250000000000000888e+00,-8.500000000000001776e+00,-1.400000000000000178e+01,5.450000000000001421e+01,-5.025000000000001421e+01,1.250000000000000355e+01,-2.750000000000000888e+00,1.850000000000000355e+01,-2.500000000000000711e+01,2.325000000000000711e+01,-2.750000000000000000e+00,-2.750000000000000888e+00,-5.000000000000000000e-01,-2.275000000000000355e+01,3.250000000000000711e+01,-2.325000000000000711e+01,3.750000000000000000e+00,1.575000000000000355e+01,-1.025000000000000178e+01,7.500000000000002220e-01,-3.000000000000000888e+00,1.025000000000000355e+01,-2.750000000000000711e+01,3.325000000000000711e+01,-9.000000000000003553e+00,-1.825000000000000355e+01,2.225000000000000711e+01,-1.875000000000000355e+01,1.575000000000000355e+01,-1.100000000000000355e+01,1.625000000000000355e+01,-8.500000000000001776e+00,3.000000000000000444e+00,-1.000000000000000000e+00,-2.575000000000000355e+01,2.525000000000000355e+01,5.500000000000000888e+00,-1.900000000000000355e+01,1.775000000000000355e+01,-3.125000000000000711e+01,7.200000000000002842e+01,-6.300000000000001421e+01,-2.250000000000000000e+00,2.150000000000000355e+01,-1.075000000000000355e+01,4.000000000000001776e+00,7.750000000000001776e+00,-4.000000000000000888e+00,-7.250000000000001776e+00,1.600000000000000355e+01,-2.075000000000000355e+01,6.250000000000000888e+00,3.200000000000000711e+01,-4.025000000000001421e+01,1.825000000000000355e+01,-4.250000000000000888e+00,-7.000000000000000888e+00,1.475000000000000355e+01,-2.900000000000000711e+01,2.600000000000000711e+01,-1.175000000000000355e+01,1.525000000000000355e+01,-2.925000000000000711e+01,5.275000000000001421e+01,-4.125000000000000711e+01,6.250000000000001776e+00,-1.675000000000000355e+01,2.250000000000000355e+01,2.500000000000000888e+00,-1.350000000000000355e+01,5.250000000000001776e+00,5.500000000000001776e+00,3.750000000000000888e+00,-1.225000000000000355e+01,-1.875000000000000355e+01,2.750000000000000355e+01,8.000000000000000000e+00,6.250000000000001776e+00,-3.675000000000000711e+01,3.350000000000000711e+01,-2.825000000000000711e+01,2.500000000000001776e+00,2.675000000000000711e+01,-1.075000000000000355e+01,-2.875000000000000355e+01,3.650000000000000711e+01,-1.250000000000000355e+01,-1.450000000000000355e+01,2.550000000000000711e+01,5.250000000000001776e+00,-1.750000000000000355e+01,-2.050000000000000355e+01,2.175000000000000355e+01,1.275000000000000355e+01,-2.775000000000000711e+01,7.500000000000000000e-01,2.850000000000000711e+01,9.500000000000003553e+00,-5.275000000000001421e+01,4.125000000000001421e+01,-6.500000000000001776e+00,-1.900000000000000711e+01,3.075000000000000711e+01,-4.300000000000001421e+01,4.300000000000001421e+01,-1.600000000000000355e+01,-2.875000000000000711e+01,5.500000000000001421e+01,-3.275000000000000711e+01,7.250000000000001776e+00,-1.725000000000000355e+01,2.800000000000000711e+01,-2.775000000000000711e+01,6.000000000000001776e+00,3.025000000000000711e+01,-1.950000000000000355e+01,-1.325000000000000178e+01,7.500000000000000000e-01,2.800000000000000711e+01,-2.075000000000000355e+01,-9.000000000000003553e+00,1.575000000000000355e+01,4.500000000000000888e+00,-2.100000000000000711e+01,2.475000000000000711e+01,7.000000000000000000e+00,-1.925000000000000355e+01,-2.650000000000000711e+01,4.350000000000001421e+01,-3.200000000000000711e+01,2.075000000000000355e+01,1.375000000000000355e+01,-1.200000000000000178e+01,-2.025000000000000711e+01,7.250000000000002665e+00,1.825000000000000355e+01,-1.250000000000000355e+01,1.375000000000000355e+01,-2.275000000000000711e+01,5.750000000000000888e+00,2.625000000000000355e+01,-1.875000000000000355e+01,-1.375000000000000355e+01,2.650000000000000711e+01,-7.750000000000001776e+00,-1.075000000000000178e+01,1.775000000000000355e+01,-2.050000000000000355e+01,2.150000000000000355e+01,-2.150000000000000355e+01,2.500000000000000444e+00,2.100000000000000355e+01,-1.625000000000000355e+01,-2.100000000000000355e+01,1.925000000000000355e+01,-1.200000000000000178e+01,3.750000000000000000e+00,1.450000000000000355e+01,-9.000000000000001776e+00,-1.625000000000000355e+01,1.150000000000000178e+01,-5.000000000000000000e+00,6.150000000000001421e+01,-5.000000000000001421e+01,4.500000000000000888e+00,1.300000000000000355e+01,-8.000000000000001776e+00,-3.350000000000000711e+01,6.000000000000000000e+00,6.500000000000001776e+00,2.125000000000000355e+01,-1.425000000000000355e+01,-1.450000000000000355e+01,-2.500000000000000000e-01,2.700000000000000711e+01,-1.475000000000000355e+01,-4.000000000000000000e+00,8.500000000000001776e+00,-1.700000000000000355e+01,-1.000000000000000000e+00,2.775000000000000711e+01,-1.000000000000000178e+01,-1.000000000000000355e+01,7.250000000000002665e+00,1.075000000000000178e+01,-1.525000000000000355e+01,-4.000000000000001776e+00,2.225000000000000711e+01,-1.750000000000000355e+01,2.250000000000000000e+00,-9.750000000000001776e+00,2.750000000000000711e+01,-2.150000000000000355e+01,2.000000000000000355e+01,-3.750000000000000888e+00,-1.925000000000000355e+01,2.300000000000000711e+01,-2.050000000000000355e+01,2.000000000000000355e+01,3.250000000000001776e+00,-1.900000000000000711e+01,2.450000000000000711e+01,-2.875000000000000711e+01,1.100000000000000178e+01,1.350000000000000355e+01,-1.750000000000000355e+01,2.725000000000000355e+01,-3.100000000000000711e+01,2.225000000000000711e+01,-6.250000000000001776e+00,-1.550000000000000355e+01,2.300000000000000711e+01,-1.850000000000000355e+01,1.925000000000000355e+01,-1.500000000000000355e+01,-1.300000000000000178e+01,2.150000000000000355e+01,-2.750000000000000000e+00,-2.000000000000000711e+01,1.450000000000000355e+01,3.000000000000000444e+00,-1.050000000000000178e+01,1.900000000000000355e+01,-1.450000000000000355e+01,-1.075000000000000355e+01,8.500000000000003553e+00,2.325000000000000355e+01,-3.450000000000000711e+01,2.025000000000000355e+01,6.750000000000002665e+00,-2.325000000000000711e+01,1.725000000000000355e+01,-2.600000000000000711e+01,2.350000000000000355e+01,1.225000000000000355e+01,-3.575000000000000711e+01,3.775000000000000711e+01,-3.350000000000000711e+01,2.050000000000000355e+01,-5.000000000000000888e+00,-1.350000000000000355e+01,1.125000000000000355e+01,4.750000000000000888e+00,-1.775000000000000355e+01,3.375000000000000711e+01,-3.200000000000000711e+01,5.750000000000001776e+00,1.900000000000000355e+01,-2.175000000000000355e+01,1.925000000000000355e+01,-1.800000000000000355e+01,2.750000000000000711e+01,-3.725000000000000711e+01,1.975000000000000355e+01,1.750000000000000355e+01,-3.875000000000000711e+01,2.450000000000000355e+01,1.025000000000000355e+01,-1.450000000000000355e+01,-1.700000000000000355e+01,2.425000000000000711e+01,8.000000000000001776e+00,-2.450000000000000711e+01,8.500000000000001776e+00,-5.500000000000001776e+00,2.425000000000000711e+01,-1.900000000000000355e+01,-1.875000000000000355e+01,1.875000000000000355e+01,1.950000000000000355e+01,-2.550000000000000711e+01,1.800000000000000355e+01,-2.450000000000000711e+01,2.875000000000000711e+01,-3.425000000000000711e+01,3.325000000000000711e+01,-7.000000000000001776e+00,-1.800000000000000355e+01,1.150000000000000178e+01,-1.000000000000000222e+00,-6.250000000000001776e+00,2.475000000000000711e+01,-3.300000000000000711e+01,2.825000000000000711e+01,-2.125000000000000711e+01,-1.500000000000000000e+00,1.750000000000000355e+01,-2.750000000000000888e+00,-1.750000000000000355e+01,2.425000000000000711e+01,-1.200000000000000355e+01,-1.025000000000000178e+01,2.550000000000000711e+01,-6.000000000000001776e+00,-2.275000000000000711e+01,2.575000000000000711e+01,-2.450000000000000711e+01,2.600000000000000711e+01,-3.300000000000000711e+01,2.700000000000000711e+01,3.750000000000000000e+00,-2.325000000000000355e+01,2.200000000000000355e+01,-2.750000000000000711e+01,3.325000000000000711e+01,-3.550000000000000711e+01,2.525000000000000355e+01,9.750000000000003553e+00,-3.200000000000000711e+01,2.875000000000000711e+01,-2.775000000000000711e+01,2.575000000000000711e+01,7.500000000000000000e-01,-2.350000000000000711e+01,1.550000000000000355e+01,-6.250000000000001776e+00,2.125000000000000355e+01,-3.075000000000000711e+01,2.725000000000000711e+01,-2.675000000000000711e+01,2.600000000000000711e+01,-2.925000000000000711e+01,2.675000000000000711e+01,-1.875000000000000355e+01,3.000000000000000888e+00,2.300000000000000355e+01,-2.100000000000000355e+01,-1.100000000000000355e+01,1.950000000000000711e+01,-7.750000000000001776e+00,1.325000000000000178e+01,-1.625000000000000355e+01,9.500000000000001776e+00,-7.500000000000000000e-01,-2.300000000000000355e+01,3.375000000000000711e+01,-1.225000000000000355e+01,-1.600000000000000355e+01,9.000000000000003553e+00,1.150000000000000355e+01,8.500000000000001776e+00,-3.425000000000000711e+01,3.750000000000000711e+01,-2.275000000000000355e+01,-8.500000000000003553e+00,3.375000000000000711e+01,-2.250000000000000355e+01,-7.500000000000001776e+00,1.250000000000000355e+01,-8.750000000000001776e+00,1.700000000000000355e+01,-3.000000000000000711e+01,2.550000000000000711e+01,4.750000000000001776e+00,-2.425000000000000711e+01,2.225000000000000711e+01,-1.450000000000000355e+01,1.550000000000000355e+01,-2.075000000000000355e+01,1.750000000000000355e+01,-2.200000000000000711e+01,1.700000000000000355e+01,-4.000000000000000888e+00,1.400000000000000355e+01,-2.550000000000000711e+01,2.050000000000000711e+01,-1.000000000000000178e+01,6.500000000000001776e+00,-3.500000000000000888e+00,-1.725000000000000355e+01,2.700000000000000711e+01,-6.250000000000000888e+00,0.000000000000000000e+00,-1.625000000000000355e+01,9.250000000000001776e+00,-1.250000000000000444e+00,1.850000000000000355e+01,-3.275000000000000711e+01,3.175000000000000711e+01,-2.200000000000000711e+01,1.925000000000000355e+01,-3.125000000000000711e+01,3.200000000000000711e+01,-2.325000000000000355e+01,2.300000000000000355e+01,-1.700000000000000355e+01,5.000000000000000888e+00,-1.275000000000000355e+01,2.575000000000000711e+01,-1.975000000000000711e+01,1.475000000000000355e+01,-1.125000000000000355e+01,6.250000000000001776e+00,-1.175000000000000178e+01,2.500000000000000000e+00,1.500000000000000355e+01,-2.175000000000000711e+01,2.500000000000000711e+01,-2.850000000000000711e+01,1.750000000000000355e+01,1.375000000000000355e+01,-2.375000000000000711e+01,9.250000000000001776e+00,-2.000000000000000444e+00,1.425000000000000355e+01,-2.050000000000000711e+01,1.600000000000000355e+01,-1.300000000000000355e+01,-6.500000000000002665e+00,1.300000000000000355e+01,-5.250000000000000888e+00,1.150000000000000355e+01,4.250000000000000000e+00,-1.800000000000000355e+01,1.625000000000000355e+01,-2.325000000000000711e+01,-3.250000000000000000e+00,2.325000000000000711e+01,-1.500000000000000888e+00,-1.600000000000000355e+01,1.975000000000000355e+01,-3.250000000000000888e+00,-1.050000000000000178e+01,2.150000000000000355e+01,-2.200000000000000355e+01,1.675000000000000355e+01,-1.425000000000000355e+01,2.750000000000000888e+00,-1.475000000000000355e+01,2.275000000000000711e+01,9.500000000000001776e+00,-2.400000000000000711e+01,4.750000000000001776e+00,1.800000000000000355e+01,-2.000000000000000355e+01,-1.425000000000000355e+01,5.075000000000001421e+01,-4.250000000000000000e+00,7.750000000000000000e+00,-4.125000000000000711e+01,-8.750000000000003553e+00,1.925000000000000355e+01,-3.800000000000000711e+01,-3.500000000000000000e+00,1.850000000000000355e+01,6.750000000000001776e+00,2.025000000000000355e+01,-5.000000000000000888e+00,-4.050000000000000711e+01,5.000000000000000000e+00,4.150000000000000711e+01,-8.750000000000001776e+00,-9.500000000000001776e+00,2.450000000000000711e+01,-2.175000000000000355e+01,8.000000000000001776e+00,1.525000000000000355e+01,-1.425000000000000355e+01,2.125000000000000711e+01,-3.100000000000000711e+01,-7.500000000000000000e-01,2.275000000000000711e+01,-1.000000000000000178e+01,2.875000000000000711e+01,-3.800000000000000711e+01,1.225000000000000355e+01,-9.250000000000001776e+00,-1.750000000000000444e+00,1.800000000000000355e+01,-1.650000000000000355e+01,-1.025000000000000178e+01,1.125000000000000178e+01,-3.750000000000000888e+00,1.000000000000000444e+00,1.175000000000000178e+01,-1.800000000000000355e+01,-1.750000000000000000e+00,1.950000000000000355e+01,-1.250000000000000355e+01,-8.000000000000000000e+00,-4.250000000000001776e+00,4.500000000000001776e+00,1.900000000000000355e+01,-1.450000000000000355e+01,2.500000000000000000e-01,2.400000000000000711e+01,-2.550000000000000711e+01,1.525000000000000355e+01,-2.000000000000000711e+01,7.000000000000002665e+00,1.600000000000000355e+01,-1.475000000000000355e+01,-1.350000000000000355e+01,3.350000000000000711e+01,-2.150000000000000355e+01,1.875000000000000355e+01,-9.750000000000003553e+00,-1.275000000000000355e+01,1.375000000000000355e+01,-5.000000000000000000e-01,0.000000000000000000e+00,-1.775000000000000355e+01,2.425000000000000711e+01,-9.750000000000001776e+00,-2.250000000000000444e+00,1.075000000000000178e+01,-1.325000000000000355e+01,-6.000000000000000888e+00,2.075000000000000355e+01,0.000000000000000000e+00,-2.650000000000000711e+01,2.325000000000000711e+01,-5.250000000000001776e+00,-1.750000000000000355e+01,1.750000000000000355e+01,1.500000000000000444e+00,-2.250000000000000888e+00,4.500000000000000888e+00,-6.000000000000000888e+00,-1.500000000000000355e+01,1.600000000000000355e+01,1.125000000000000355e+01,-1.875000000000000711e+01,9.250000000000001776e+00,-6.000000000000001776e+00,-9.250000000000003553e+00,2.525000000000000711e+01,-1.175000000000000355e+01,-6.000000000000000888e+00,-6.000000000000000888e+00,1.875000000000000355e+01,-2.050000000000000711e+01,2.125000000000000711e+01,-6.750000000000001776e+00,-1.475000000000000355e+01,2.400000000000000711e+01,-2.625000000000000711e+01,2.425000000000000711e+01,-5.000000000000000888e+00,-8.750000000000001776e+00,-3.750000000000000888e+00,1.575000000000000355e+01,-2.425000000000000711e+01,2.325000000000000711e+01,-1.325000000000000355e+01,9.250000000000001776e+00,-4.000000000000000888e+00,1.075000000000000178e+01,-1.725000000000000355e+01,-5.000000000000000000e-01,1.400000000000000355e+01,-4.000000000000000888e+00,1.300000000000000355e+01,-1.800000000000000355e+01,5.750000000000001776e+00,-1.300000000000000178e+01,7.750000000000000888e+00,1.225000000000000355e+01,-8.500000000000001776e+00,1.300000000000000355e+01,-2.350000000000000711e+01,1.975000000000000355e+01,-1.300000000000000355e+01,7.000000000000001776e+00,9.750000000000003553e+00,-1.925000000000000711e+01,-5.000000000000000000e-01,2.100000000000000711e+01,-5.750000000000001776e+00,-1.625000000000000355e+01,1.850000000000000355e+01,-2.200000000000000355e+01,2.025000000000000355e+01,-1.550000000000000355e+01,1.475000000000000355e+01,-1.300000000000000355e+01,1.825000000000000355e+01,-1.875000000000000355e+01,1.750000000000000000e+00,1.175000000000000355e+01,-2.750000000000000888e+00,-1.425000000000000355e+01,7.000000000000001776e+00,1.625000000000000355e+01,-1.625000000000000355e+01,-8.500000000000001776e+00,8.750000000000001776e+00,1.175000000000000178e+01,-1.775000000000000355e+01,2.275000000000000711e+01,-2.175000000000000711e+01,-1.250000000000000000e+00,1.200000000000000355e+01,2.500000000000000888e+00,-2.250000000000000888e+00,-1.275000000000000355e+01,1.750000000000000355e+01,-6.750000000000001776e+00,-1.375000000000000178e+01,1.725000000000000355e+01,-1.450000000000000355e+01,1.450000000000000355e+01,-9.500000000000003553e+00,2.000000000000000355e+01,-2.625000000000000711e+01,3.750000000000000888e+00,2.050000000000000355e+01,-2.250000000000000711e+01,2.750000000000000888e+00,2.050000000000000355e+01,-1.475000000000000355e+01,-1.150000000000000178e+01,2.575000000000000711e+01,-1.775000000000000355e+01,-8.000000000000001776e+00,1.700000000000000355e+01,2.750000000000000000e+00,-1.900000000000000355e+01,8.000000000000001776e+00,8.000000000000001776e+00,-1.425000000000000355e+01,9.250000000000001776e+00,1.225000000000000355e+01,-2.500000000000000711e+01,1.075000000000000178e+01,1.200000000000000178e+01,-1.700000000000000355e+01,8.250000000000001776e+00,2.250000000000000444e+00,-1.725000000000000355e+01,1.450000000000000355e+01,8.000000000000001776e+00,-1.925000000000000355e+01,1.450000000000000355e+01,-5.000000000000000000e-01,-1.250000000000000355e+01,2.250000000000000888e+00,9.500000000000001776e+00,-9.000000000000001776e+00,1.750000000000000355e+01,-1.250000000000000355e+01,-1.250000000000000355e+01,1.850000000000000355e+01,4.000000000000000888e+00,-1.300000000000000355e+01,-6.750000000000000888e+00,1.475000000000000355e+01,3.750000000000000888e+00,-1.500000000000000355e+01,1.100000000000000355e+01,-1.575000000000000355e+01,1.175000000000000178e+01,9.000000000000001776e+00,-2.550000000000000711e+01,2.275000000000000711e+01,2.500000000000000000e+00,-2.600000000000000711e+01,2.500000000000000711e+01,-1.000000000000000000e+00,-1.750000000000000888e+00,1.750000000000000888e+00,-7.250000000000001776e+00,-1.100000000000000178e+01,4.250000000000000000e+00,1.750000000000000355e+01,-9.725000000000001421e+01
