2.085825000000001523e+02,2.025668750000001523e+02,1.852856250000001239e+02,1.563481250000000955e+02,1.262387500000000671e+02,9.887937500000003865e+01,7.439500000000002444e+01,5.083250000000001023e+01,3.044187499999999602e+01,1.464499999999998892e+01,4.769999999999984475e+00,1.191874999999982254e+00,-1.886250000000019966e+00,-6.542500000000023519e+00,-1.101125000000002530e+01,-1.529250000000002885e+01,-2.040187500000003240e+01,-2.451125000000003595e+01,-2.862062500000003951e+01,-3.219875000000003951e+01,-3.573000000000003951e+01,-3.696437500000003951e+01,-3.877687500000003951e+01,-3.948000000000003951e+01,-3.826125000000003951e+01,-3.701125000000003951e+01,-3.479250000000003951e+01,-3.169875000000003951e+01,-2.757375000000003951e+01,-2.566750000000003951e+01,-2.346437500000003240e+01,-2.380812500000003240e+01,-2.580812500000003951e+01,-2.883937500000003951e+01,-3.374562500000003951e+01,-4.048000000000004661e+01,-4.982375000000004661e+01,-5.869875000000006082e+01,-6.916750000000006082e+01,-7.785500000000006082e+01,-8.624562500000007503e+01,-9.498000000000010346e+01,-1.029956250000001035e+02,-1.106987500000001035e+02,-1.159956250000001035e+02,-1.202300000000001035e+02,-1.229331250000001035e+02,-1.261831250000001035e+02,-1.295112500000001035e+02,-1.326518750000001035e+02,-1.363706250000001035e+02,-1.395581250000001035e+02,-1.437456250000001035e+02,-1.498862500000001035e+02,-1.566362500000001035e+02,-1.630112500000001035e+02,-1.696050000000001035e+02,-1.761206250000001035e+02,-1.815112500000001035e+02,-1.874487500000001319e+02,-1.934018750000001887e+02,-1.978393750000001887e+02,-2.013550000000001887e+02,-2.047300000000001887e+02,-2.075581250000001887e+02,-2.094487500000001887e+02,-2.114487500000001887e+02,-2.122300000000001887e+02,-2.128237500000001887e+02,-2.128550000000001887e+02,-2.127768750000001887e+02,-2.135268750000001887e+02,-2.143706250000001887e+02,-2.160268750000001887e+02,-2.180581250000001887e+02,-2.204643750000001887e+02,-2.225893750000001887e+02,-2.253550000000001887e+02,-2.292143750000001887e+02,-2.315425000000001887e+02,-2.335737500000001887e+02,-2.338550000000001887e+02,-2.334800000000001887e+02,-2.337768750000001887e+02,-2.332768750000001887e+02,-2.327300000000001887e+02,-2.311362500000001887e+02,-2.298550000000001887e+02,-2.284018750000001887e+02,-2.278862500000001887e+02,-2.276362500000001887e+02,-2.264956250000001887e+02,-2.253081250000001887e+02,-2.235268750000001887e+02,-2.211362500000001887e+02,-2.192300000000001887e+02,-2.165268750000001887e+02,-2.143081250000001887e+02,-2.115268750000001887e+02,-2.087300000000001887e+02,-2.068862500000001887e+02,-2.046518750000001887e+02,-2.039643750000001887e+02,-2.027456250000001887e+02,-2.023862500000001887e+02,-2.020425000000001887e+02,-2.019800000000001887e+02,-2.017612500000001887e+02,-2.005737500000001887e+02,-2.008706250000001887e+02,-2.000425000000001887e+02,-2.001518750000001887e+02,-2.001518750000001887e+02,-1.994487500000001887e+02,-1.994956250000001887e+02,-1.995268750000001887e+02,-2.000425000000001887e+02,-1.995737500000001887e+02,-1.987768750000001887e+02,-1.969175000000001887e+02,-1.957143750000001887e+02,-1.940268750000001887e+02,-1.914956250000001603e+02,-1.891050000000001319e+02,-1.868862500000001035e+02,-1.847456250000001035e+02,-1.829800000000001035e+02,-1.811206250000001035e+02,-1.784956250000001035e+02,-1.767768750000001035e+02,-1.750425000000001035e+02,-1.732456250000001035e+02,-1.716206250000001035e+02,-1.691831250000001035e+02,-1.668550000000001035e+02,-1.651518750000001035e+02,-1.628862500000001035e+02,-1.600893750000001035e+02,-1.562456250000001035e+02,-1.516206250000001035e+02,-1.459956250000001035e+02,-1.413237500000001035e+02,-1.366518750000001035e+02,-1.313550000000001035e+02,-1.264018750000001035e+02,-1.216050000000001035e+02,-1.186050000000001035e+02,-1.174018750000001035e+02,-1.166518750000001035e+02,-1.147768750000001035e+02,-1.129956250000001035e+02,-1.110268750000001035e+02,-1.087143750000001035e+02,-1.064175000000001035e+02,-1.033081250000001035e+02,-9.848000000000010346e+01,-9.387062500000007503e+01,-9.071437500000007503e+01,-8.743312500000006082e+01,-8.438625000000006082e+01,-8.182375000000006082e+01,-7.918312500000006082e+01,-7.588625000000006082e+01,-7.283937500000006082e+01,-6.938625000000006082e+01,-6.501125000000006082e+01,-6.046437500000006082e+01,-5.560500000000006082e+01,-5.058937500000006082e+01,-4.566750000000004661e+01,-4.126125000000003951e+01,-3.749562500000003951e+01,-3.387062500000003951e+01,-3.085500000000003951e+01,-2.730812500000003951e+01,-2.424562500000003951e+01,-2.215187500000003240e+01,-1.999562500000002885e+01,-1.848000000000002885e+01,-1.762062500000002885e+01,-1.626125000000002885e+01,-1.404250000000002885e+01,-1.333937500000002885e+01,-1.329250000000002885e+01,-1.246437500000002707e+01,-1.177687500000002530e+01,-1.002687500000002530e+01,-7.339375000000023519e+00,-5.355000000000021743e+00,-4.058125000000020854e+00,-2.073750000000019522e+00,3.168749999999820877e-01,3.269999999999984031e+00,6.394999999999985363e+00,7.785624999999987139e+00,8.957499999999987139e+00,9.582499999999987139e+00,9.363749999999987139e+00,9.754374999999987139e+00,1.000437499999998714e+01,9.629374999999987139e+00,8.785624999999987139e+00,9.723124999999988916e+00,1.112937499999998892e+01,1.284812499999999069e+01,1.626999999999999247e+01,1.936374999999999602e+01,2.273874999999999602e+01,2.530125000000000313e+01,2.811375000000000313e+01,3.030125000000000313e+01,3.134812500000000313e+01,3.347312500000000313e+01,3.423875000000000313e+01,3.400437500000000313e+01,3.441062500000000313e+01,3.633250000000000313e+01,3.906687500000000313e+01,4.084812500000000313e+01,4.397312500000001023e+01,4.614500000000001023e+01,4.903562500000002444e+01,5.269187500000002444e+01,5.581687500000002444e+01,5.737937500000002444e+01,5.734812500000002444e+01,5.891062500000002444e+01,5.931687500000002444e+01,5.978562500000002444e+01,5.966062500000002444e+01,5.981687500000002444e+01,5.967625000000002444e+01,6.059812500000002444e+01,6.303562500000002444e+01,6.420750000000002444e+01,6.627000000000002444e+01,6.828562500000002444e+01,7.072312500000002444e+01,7.273875000000002444e+01,7.494187500000002444e+01,7.647312500000002444e+01,7.702000000000002444e+01,7.739500000000002444e+01,7.648875000000002444e+01,7.473875000000002444e+01,7.325437500000002444e+01,7.175437500000002444e+01,7.011375000000002444e+01,6.914500000000002444e+01,6.755125000000002444e+01,6.661375000000002444e+01,6.695750000000002444e+01,6.864500000000002444e+01,6.884812500000002444e+01,6.937937500000002444e+01,6.884812500000002444e+01,6.766062500000002444e+01,6.786375000000002444e+01,6.783250000000002444e+01,6.719187500000002444e+01,6.545750000000002444e+01,6.548875000000002444e+01,6.461375000000002444e+01,6.550437500000002444e+01,6.634812500000002444e+01,6.578562500000002444e+01,6.572312500000002444e+01,6.533250000000002444e+01,6.544187500000002444e+01,6.384812500000002444e+01,6.242625000000002444e+01,5.930125000000002444e+01,5.666062500000002444e+01,5.453562500000002444e+01,5.180125000000002444e+01,4.889500000000001734e+01,4.581687500000001023e+01,4.411375000000001023e+01,4.344187500000000313e+01,4.431687500000000313e+01,4.437937500000000313e+01,4.494187500000001023e+01,4.495750000000001023e+01,4.580125000000001023e+01,4.677000000000001023e+01,4.755125000000001023e+01,4.780125000000001023e+01,4.756687500000001023e+01,4.870750000000002444e+01,5.020750000000002444e+01,5.256687500000002444e+01,5.516062500000002444e+01,5.819187500000002444e+01,6.072312500000002444e+01,6.230125000000002444e+01,6.400437500000002444e+01,6.464500000000002444e+01,6.383250000000002444e+01,6.325437500000002444e+01,6.159812500000002444e+01,5.909812500000002444e+01,5.722312500000002444e+01,5.708250000000002444e+01,5.612937500000002444e+01,5.514500000000002444e+01,5.506687500000002444e+01,5.433250000000002444e+01,5.456687500000002444e+01,5.594187500000002444e+01,5.672312500000002444e+01,5.575437500000002444e+01,5.533250000000002444e+01,5.566062500000002444e+01,5.587937500000002444e+01,5.698875000000002444e+01,5.742625000000002444e+01,5.650437500000002444e+01,5.600437500000002444e+01,5.655125000000002444e+01,5.764500000000002444e+01,5.859812500000002444e+01,5.973875000000002444e+01,5.953562500000002444e+01,5.970750000000002444e+01,6.039500000000002444e+01,6.048875000000002444e+01,6.095750000000002444e+01,6.086375000000002444e+01,5.997312500000002444e+01,5.859812500000002444e+01,5.833250000000002444e+01,5.714500000000002444e+01,5.681687500000002444e+01,5.647312500000002444e+01,5.452000000000002444e+01,5.203562500000002444e+01,4.994187500000002444e+01,4.808250000000001734e+01,4.527000000000001023e+01,4.406687500000001023e+01,4.198875000000000313e+01,4.009812500000000313e+01,3.978562500000000313e+01,3.964500000000000313e+01,4.012937500000000313e+01,4.084812500000000313e+01,4.222312500000000313e+01,4.292625000000000313e+01,4.345750000000000313e+01,4.534812500000001023e+01,4.702000000000001023e+01,4.995750000000001734e+01,5.192625000000002444e+01,5.459812500000002444e+01,5.836375000000002444e+01,6.167625000000002444e+01,6.580125000000002444e+01,6.862937500000002444e+01,7.080125000000002444e+01,7.130125000000002444e+01,7.250437500000002444e+01,7.162937500000002444e+01,6.853562500000002444e+01,6.556687500000002444e+01,6.131687500000002444e+01,5.617625000000002444e+01,5.142625000000002444e+01,4.747312500000001734e+01,4.228562500000001023e+01,3.894187500000000313e+01,3.647312500000000313e+01,3.348875000000000313e+01,3.164500000000000313e+01,3.142625000000000313e+01,3.073875000000000313e+01,2.995750000000000313e+01,3.102000000000000313e+01,3.136375000000000313e+01,3.145750000000000313e+01,3.234812500000000313e+01,3.320750000000000313e+01,3.342625000000000313e+01,3.383250000000000313e+01,3.505125000000000313e+01,3.508250000000000313e+01,3.458250000000000313e+01,3.545750000000000313e+01,3.642625000000000313e+01,3.642625000000000313e+01,3.662937500000000313e+01,3.764500000000000313e+01,3.723875000000000313e+01,3.761375000000000313e+01,3.931687500000000313e+01,3.983250000000000313e+01,4.133250000000000313e+01,4.409812500000001023e+01,4.661375000000001023e+01,4.937937500000002444e+01,5.342625000000002444e+01,5.680125000000002444e+01,6.016062500000002444e+01,6.467625000000002444e+01,6.741062500000002444e+01,6.975437500000002444e+01,7.303562500000002444e+01,7.491062500000002444e+01,7.619187500000002444e+01,7.864500000000002444e+01,8.020750000000002444e+01,8.031687500000002444e+01,8.120750000000002444e+01,8.147312500000002444e+01,7.958250000000002444e+01,7.766062500000002444e+01,7.478562500000002444e+01,6.981687500000002444e+01,6.459812500000002444e+01,5.908250000000002444e+01,5.269187500000002444e+01,4.580125000000001734e+01,4.044187500000001023e+01,3.502000000000000313e+01,3.061375000000000313e+01,2.691062500000000313e+01,2.248874999999999602e+01,1.897312499999999602e+01,1.570749999999999247e+01,1.348874999999999247e+01,1.070749999999998892e+01,8.879374999999987139e+00,6.926249999999985363e+00,6.066874999999985363e+00,6.582499999999985363e+00,6.660624999999985363e+00,7.926249999999987139e+00,9.644999999999988916e+00,1.120749999999998892e+01,1.225437499999999069e+01,1.412937499999999247e+01,1.530124999999999247e+01,1.620749999999999247e+01,1.797312499999999247e+01,1.783249999999999247e+01,1.689499999999999247e+01,1.750437499999999247e+01,1.820749999999999247e+01,1.783249999999999247e+01,1.761374999999999247e+01,1.755124999999999247e+01,1.672312499999999247e+01,1.817624999999999247e+01,1.972312499999999247e+01,2.042624999999999602e+01,2.151999999999999602e+01,2.309812499999999957e+01,2.480125000000000313e+01,2.744187500000000313e+01,3.098875000000000313e+01,3.328562500000000313e+01,3.639500000000000313e+01,3.828562500000000313e+01,3.986375000000000313e+01,4.084812500000000313e+01,4.055125000000000313e+01,3.927000000000000313e+01,3.619187500000000313e+01,3.259812500000000313e+01,2.858250000000000313e+01,2.567625000000000313e+01,2.275437499999999602e+01,2.117624999999999602e+01,2.141062499999999602e+01,2.080124999999999602e+01,2.142624999999999602e+01,2.292624999999999602e+01,2.317624999999999957e+01,2.386375000000000313e+01,2.527000000000000313e+01,2.575437500000000313e+01,2.483249999999999957e+01,2.489499999999999957e+01,2.589500000000000313e+01,2.659812500000000313e+01,2.883250000000000313e+01,3.125437500000000313e+01,3.278562500000000313e+01,3.442625000000000313e+01,3.791062500000000313e+01,4.120750000000000313e+01,4.309812500000001023e+01,4.503562500000001023e+01,4.664500000000001023e+01,4.714500000000001734e+01,4.783250000000002444e+01,4.828562500000002444e+01,4.673875000000001023e+01,4.525437500000001023e+01,4.475437500000000313e+01,4.494187500000000313e+01,4.534812500000000313e+01,4.641062500000001023e+01,4.777000000000001734e+01,4.919187500000002444e+01,5.131687500000002444e+01,5.441062500000002444e+01,5.706687500000002444e+01,5.944187500000002444e+01,6.172312500000002444e+01,6.406687500000002444e+01,6.730125000000002444e+01,7.064500000000002444e+01,7.456687500000002444e+01,7.733250000000002444e+01,7.922312500000002444e+01,8.092625000000002444e+01,8.248875000000002444e+01,8.320750000000002444e+01,8.250437500000002444e+01,8.275437500000002444e+01,8.312937500000002444e+01,8.352000000000002444e+01,8.534812500000002444e+01,8.630125000000002444e+01,8.664500000000002444e+01,8.716062500000002444e+01,8.775437500000002444e+01,8.744187500000002444e+01,8.611375000000002444e+01,8.462937500000002444e+01,8.278562500000002444e+01,8.178562500000002444e+01,8.162937500000002444e+01,8.205125000000002444e+01,8.381687500000002444e+01,8.545750000000002444e+01,8.817625000000003865e+01,9.223875000000003865e+01,9.564500000000005286e+01,1.002387500000000671e+02,1.044731250000000671e+02,1.080981250000000671e+02,1.090200000000000671e+02,1.094262500000000671e+02,1.078481250000000671e+02,1.037387500000000671e+02,9.791062500000006708e+01,8.764500000000003865e+01,7.445750000000003865e+01,5.987937500000002444e+01,4.528562500000001023e+01,2.856687499999999602e+01,1.072312499999998714e+01,-7.683125000000023519e+00,-2.626125000000003240e+01,-4.271437500000004661e+01,-5.773000000000006082e+01,-7.393312500000007503e+01,-9.146437500000008924e+01,-1.080581250000001035e+02,-1.238550000000001035e+02,-1.389800000000001035e+02,-1.518706250000001035e+02,-1.677456250000001319e+02,-1.838862500000001319e+02,-1.976050000000001603e+02,-2.090893750000001887e+02,-2.208550000000001887e+02,-2.317456250000001887e+02,-2.434331250000001887e+02,-2.573706250000001887e+02,-2.653237500000001887e+02,-2.717143750000001887e+02,-2.766050000000001887e+02,-2.806362500000001887e+02,-2.827456250000001887e+02,-2.839331250000001887e+02,-2.826831250000001887e+02,-2.788237500000001887e+02,-2.780268750000001887e+02,-2.778862500000001887e+02,-2.798081250000001887e+02,-2.829331250000001887e+02,-2.853393750000001887e+02,-2.875425000000001887e+02,-2.899956250000001887e+02,-2.915425000000001887e+02,-2.900425000000001887e+02,-2.874800000000001887e+02,-2.827300000000001887e+02,-2.756675000000001887e+02,-2.677143750000001887e+02,-2.591831250000001887e+02,-2.493706250000001887e+02,-2.405112500000001887e+02,-2.343393750000001887e+02,-2.258081250000001887e+02,-2.162768750000001887e+02,-2.070581250000001887e+02,-1.987925000000001887e+02,-1.911518750000001887e+02,-1.826831250000001319e+02,-1.729800000000001319e+02,-1.608081250000001035e+02,-1.501518750000001035e+02,-1.401675000000001035e+02,-1.281675000000001035e+02,-1.136518750000001035e+02,-9.738625000000008924e+01,-8.288625000000007503e+01,-6.833937500000006082e+01,-5.349562500000004661e+01,-3.790187500000003951e+01,-2.315187500000003240e+01,-1.129250000000002530e+01,-8.393750000000181899e-01,9.301249999999988916e+00,2.186374999999999602e+01,3.498875000000000313e+01,4.802000000000001023e+01,6.036375000000002444e+01,7.347312500000002444e+01,8.939500000000003865e+01,1.046293750000000671e+02,1.190981250000000671e+02,1.311137500000000671e+02,1.412075000000000671e+02,1.495668750000000671e+02,1.581293750000000671e+02,1.666606250000000671e+02,1.722700000000000671e+02,1.767387500000000671e+02,1.818012500000000671e+02,1.884731250000000955e+02,1.956762500000001239e+02,2.042231250000001523e+02,2.120356250000001523e+02,2.207543750000001523e+02,2.313481250000001523e+02,2.434887500000001523e+02,2.552543750000001523e+02,2.653168750000001523e+02,2.744418750000001523e+02,2.819262500000001523e+02,2.898481250000001523e+02,2.953793750000001523e+02,2.991450000000001523e+02,3.023481250000001523e+02,3.045825000000001523e+02,3.070356250000001523e+02,3.116918750000001523e+02,3.166918750000001523e+02,3.203481250000001523e+02,3.246762500000001523e+02,3.294887500000001523e+02,3.339575000000001523e+02,3.377700000000001523e+02,3.401918750000001523e+02,3.387075000000001523e+02,3.358168750000001523e+02,3.325356250000001523e+02,3.282231250000001523e+02,3.221762500000001523e+02,3.148481250000001523e+02,3.084418750000001523e+02,3.035981250000001523e+02,3.001450000000001523e+02,2.978012500000001523e+02,2.971762500000001523e+02,2.975668750000001523e+02,2.985200000000001523e+02,3.002231250000001523e+02,3.007700000000001523e+02,2.998637500000001523e+02,3.002856250000001523e+02,3.013481250000001523e+02,2.999262500000001523e+02,2.962543750000001523e+02,2.935981250000001523e+02,2.908481250000001523e+02,2.878637500000001523e+02,2.856137500000001523e+02,2.815043750000001523e+02,2.763637500000001523e+02,2.733950000000001523e+02,2.728012500000001523e+02,2.716450000000001523e+02,2.708012500000001523e+02,2.710043750000001523e+02,2.710825000000001523e+02,2.719887500000001523e+02,2.735356250000001523e+02,2.740668750000001523e+02,2.738012500000001523e+02,2.739418750000001523e+02,2.730668750000001523e+02,2.730668750000001523e+02,2.743325000000001523e+02,2.758012500000001523e+02,2.760356250000001523e+02,2.764575000000001523e+02,2.762856250000001523e+02,2.756762500000001523e+02,2.762856250000001523e+02,2.745668750000001523e+02,2.710825000000001523e+02,2.683481250000001523e+02,2.670512500000001523e+02,2.650668750000001523e+02,2.640825000000001523e+02,2.628793750000001523e+02,2.619262500000001523e+02,2.617856250000001523e+02,2.621137500000001523e+02,2.616918750000001523e+02,2.614418750000001523e+02,2.630512500000001523e+02,2.649887500000001523e+02,2.669106250000001523e+02,2.679262500000001523e+02,2.702543750000001523e+02,2.725825000000001523e+02,2.752700000000001523e+02,2.771606250000001523e+02,2.770981250000001523e+02,2.773325000000001523e+02,2.785512500000001523e+02,2.806450000000001523e+02,2.819887500000001523e+02,2.843168750000001523e+02,2.867387500000001523e+02,2.889418750000001523e+02,2.913793750000001523e+02,2.923012500000001523e+02,2.933325000000001523e+02,2.941762500000001523e+02,2.954575000000001523e+02,2.966918750000001523e+02,2.976606250000001523e+02,2.997856250000001523e+02,3.038793750000001523e+02,3.089575000000001523e+02,3.132700000000001523e+02,3.163793750000001523e+02,3.192856250000001523e+02,3.216293750000001523e+02,3.231918750000001523e+02,3.237075000000001523e+02,3.227387500000001523e+02,3.221293750000001523e+02,3.217231250000001523e+02,3.227387500000001523e+02,3.229575000000001523e+02,3.227075000000001523e+02,3.232075000000001523e+02,3.234575000000001523e+02,3.230981250000001523e+02,3.210825000000001523e+02,3.191293750000001523e+02,3.158168750000001523e+02,3.135043750000001523e+02,3.105981250000001523e+02,3.062543750000001523e+02,3.029887500000001523e+02,3.011606250000001523e+02,3.008325000000001523e+02,2.994731250000001523e+02,2.990668750000001523e+02,2.982075000000001523e+02,2.985668750000001523e+02,3.002387500000001523e+02,3.017543750000001523e+02,3.028637500000001523e+02,3.024418750000001523e+02,3.032543750000001523e+02,3.038950000000001523e+02,3.039575000000001523e+02,3.029106250000001523e+02,3.013950000000001523e+02,2.988168750000001523e+02,2.945512500000001523e+02,2.916137500000001523e+02,2.885981250000001523e+02,2.833012500000001523e+02,2.780512500000001523e+02,2.742075000000001523e+02,2.695043750000001523e+02,2.646293750000001523e+02,2.605356250000001523e+02,2.554575000000001523e+02,2.476293750000001523e+02,2.422075000000001523e+02,2.368793750000001523e+02,2.305825000000001523e+02,2.254418750000001523e+02,2.208793750000001523e+02,2.151918750000001523e+02,2.097543750000001523e+02,2.061762500000001523e+02,2.031137500000001523e+02,1.994106250000001523e+02,1.960512500000001523e+02,1.917700000000000955e+02,1.854575000000000955e+02,1.813168750000000955e+02,1.759575000000000671e+02,1.713325000000000671e+02,1.644418750000000671e+02,1.573325000000000671e+02,1.480200000000000671e+02,1.383637500000000671e+02,1.312075000000000671e+02,1.227075000000000671e+02,1.152075000000000671e+02,1.071137500000000671e+02,1.001762500000000671e+02,9.452000000000003865e+01,9.023875000000002444e+01,8.820750000000002444e+01,8.519187500000002444e+01,8.323875000000002444e+01,8.294187500000002444e+01,8.291062500000002444e+01,8.269187500000002444e+01,8.275437500000002444e+01,8.459812500000002444e+01,8.492625000000002444e+01,8.658250000000002444e+01,8.759812500000002444e+01,8.664500000000002444e+01,8.419187500000002444e+01,8.156687500000002444e+01,7.767625000000002444e+01,7.228562500000002444e+01,6.686375000000002444e+01,5.905125000000002444e+01,5.084812500000001734e+01,4.353562500000001023e+01,3.787937500000000313e+01,3.256687500000000313e+01,2.727000000000000313e+01,2.198874999999999602e+01,1.676999999999999247e+01,1.220749999999998892e+01,7.644999999999985363e+00,5.824999999999813660e-01,-8.605000000000025295e+00,-1.776125000000003240e+01,-2.799562500000003595e+01,-3.930812500000004661e+01,-5.079250000000004661e+01,-6.185500000000006082e+01,-7.257375000000006082e+01,-8.130812500000006082e+01,-8.721437500000007503e+01,-9.266750000000007503e+01,-9.583937500000010346e+01,-9.716750000000010346e+01,-9.802687500000010346e+01,-9.629250000000010346e+01,-9.232375000000008924e+01,-8.569875000000007503e+01,-7.801125000000006082e+01,-6.969875000000006082e+01,-5.971437500000006082e+01,-4.963625000000004661e+01,-3.751125000000003951e+01,-2.669875000000003240e+01,-1.898000000000003240e+01,-1.358937500000002885e+01,-1.193312500000002530e+01,-1.335500000000002530e+01,-1.858937500000002885e+01,-2.651125000000003240e+01,-3.982375000000004661e+01,-5.555812500000005372e+01,-7.152687500000006082e+01,-8.855812500000007503e+01,-1.029331250000001035e+02,-1.140112500000001035e+02,-1.231206250000001035e+02,-1.276675000000001035e+02,-1.272456250000001035e+02,-1.251987500000001035e+02,-1.199956250000001035e+02,-1.136987500000001035e+02,-1.089331250000001035e+02,-1.043081250000001035e+02,-1.016831250000001035e+02,-1.066362500000001035e+02,-1.169175000000001035e+02,-1.295112500000001035e+02,-1.473550000000001035e+02,-1.682300000000001319e+02,-1.926831250000001603e+02,-2.216518750000001887e+02,-2.520425000000001887e+02,-2.779018750000001887e+02,-3.007768750000001887e+02,-3.232612500000001887e+02,-3.440112500000001887e+02,-3.629956250000002456e+02,-3.782456250000003593e+02,-3.915268750000003593e+02,-4.014956250000003593e+02,-4.105893750000003593e+02,-4.186987500000003593e+02,-4.246206250000003593e+02,-4.285737500000003593e+02,-4.310425000000003593e+02,-4.328237500000003593e+02,-4.328081250000003593e+02,-4.327768750000003593e+02,-4.327612500000003593e+02,-4.327456250000003593e+02,-4.327456250000003593e+02,-4.327456250000003593e+02,-4.327456250000003593e+02,-4.327456250000003593e+02,-4.327143750000003593e+02,-4.326987500000003593e+02,-4.326831250000003593e+02,-4.326518750000003593e+02,-4.326206250000003593e+02,-4.325581250000003593e+02,-4.325112500000003593e+02,-4.324643750000003593e+02,-4.324331250000003593e+02,-4.324331250000003593e+02,-4.324331250000003593e+02,-4.324800000000003593e+02,-4.325268750000003593e+02,-4.326206250000003593e+02,-4.326831250000003593e+02,-4.327456250000003593e+02,-4.328081250000003593e+02,-4.328237500000003593e+02,-4.328237500000003593e+02,-4.327768750000003593e+02,-4.327300000000003593e+02,-4.326831250000003593e+02,-4.326518750000003593e+02,-4.326362500000003593e+02,-4.326206250000003593e+02,-4.326206250000003593e+02,-4.326518750000003593e+02,-4.326675000000003593e+02,-4.326675000000003593e+02,-4.326362500000003593e+02,-4.325893750000003593e+02,-4.325268750000003593e+02,-4.324643750000003593e+02,-4.324018750000003593e+02,-4.323237500000003593e+02,-4.323081250000003593e+02,-4.323237500000003593e+02,-4.323706250000003593e+02,-4.324487500000003593e+02,-4.325112500000003593e+02,-4.325737500000003593e+02,-4.326362500000003593e+02,-4.326987500000003593e+02,-4.327143750000003593e+02,-4.327300000000003593e+02,-4.327143750000003593e+02,-4.324175000000003593e+02,-4.307456250000003593e+02,-4.279331250000003593e+02,-4.229331250000003593e+02,-4.160268750000003593e+02,-4.063706250000003593e+02,-3.939018750000003593e+02,-3.769018750000003593e+02,-3.564175000000002456e+02,-3.351518750000001887e+02,-3.111362500000001887e+02,-2.855893750000001887e+02,-2.583862500000001887e+02,-2.318706250000001887e+02,-2.046518750000001887e+02,-1.812300000000001319e+02,-1.594487500000001319e+02,-1.377456250000001035e+02,-1.172612500000001035e+02,-9.790187500000008924e+01,-7.930812500000007503e+01,-5.926125000000006082e+01,-4.004250000000004661e+01,-1.879250000000003240e+01,3.863749999999982698e+00,2.800437499999999602e+01,5.064500000000001023e+01,7.261375000000002444e+01,9.536375000000003865e+01,1.195512500000000671e+02,1.456918750000000671e+02,1.691606250000000955e+02,1.865668750000001523e+02,1.975043750000001523e+02,2.057231250000001523e+02
8.293750000000005684e+01,9.639062500000005684e+01,7.654687500000005684e+01,2.454687500000002132e+01,-2.228125000000001066e+01,-5.504687500000002842e+01,-5.975000000000004263e+01,-4.350000000000002842e+01,-2.492187500000001421e+01,-5.750000000000004441e+00,1.687500000000001332e+00,6.578125000000004441e+00,8.656250000000007105e+00,3.500000000000001776e+00,2.531250000000001776e+00,-2.812500000000001332e+00,-6.203125000000003553e+00,-4.468750000000002665e+00,-4.921875000000002665e+00,-5.312500000000000000e-01,5.625000000000006661e-01,-7.812500000000000000e-02,-1.406250000000000000e-01,-5.750000000000003553e+00,-7.718750000000005329e+00,-7.781250000000005329e+00,-8.937500000000005329e+00,-3.031250000000001776e+00,1.656250000000000888e+00,4.250000000000002665e+00,1.067187500000000711e+01,1.170312500000000711e+01,1.332812500000000711e+01,1.379687500000000711e+01,9.203125000000005329e+00,4.187500000000002665e+00,-2.531250000000001332e+00,-5.156250000000003553e+00,-3.937500000000002665e+00,6.250000000000006661e-01,4.140625000000003553e+00,2.937500000000002220e+00,-2.921875000000001332e+00,-9.968750000000005329e+00,-1.242187500000000711e+01,-1.175000000000000711e+01,-4.109375000000001776e+00,1.953125000000001332e+00,4.468750000000003553e+00,7.734375000000005329e+00,4.640625000000003553e+00,3.953125000000002665e+00,4.203125000000002665e+00,1.093750000000000888e+00,1.656250000000000888e+00,2.187500000000000000e-01,-1.250000000000000666e+00,-9.218750000000006661e-01,-3.343750000000001776e+00,-3.406250000000002220e+00,-3.765625000000002665e+00,-3.765625000000002665e+00,-1.110223024625156540e-16,-5.625000000000004441e-01,-8.593750000000005551e-01,-1.656250000000000888e+00,-6.406250000000003553e+00,-5.250000000000003553e+00,-3.406250000000002665e+00,-1.125000000000001110e+00,4.046875000000002665e+00,4.859375000000003553e+00,3.953125000000002665e+00,3.671875000000002665e+00,2.265625000000001776e+00,1.171875000000000888e+00,2.171875000000001776e+00,-6.249999999999977796e-02,-2.703125000000001776e+00,-3.062500000000001776e+00,-5.531250000000003553e+00,-4.375000000000003553e+00,-3.750000000000002665e+00,-3.890625000000002665e+00,-2.390625000000001776e+00,-8.125000000000005551e-01,3.593750000000003109e+00,4.687500000000003553e+00,5.734375000000003553e+00,2.281250000000001776e+00,-4.593750000000002665e+00,-4.921875000000003553e+00,-7.296875000000003553e+00,-3.265625000000001332e+00,2.593750000000001776e+00,1.250000000000001110e+00,3.171875000000001776e+00,-6.093750000000008882e-01,-3.703125000000002665e+00,-8.125000000000006661e-01,9.374999999999983347e-02,4.046875000000002665e+00,6.859375000000005329e+00,4.890625000000003553e+00,1.781250000000001110e+00,-4.375000000000003331e-01,-4.437500000000002665e+00,-3.968750000000002665e+00,-9.687500000000007772e-01,-1.734375000000001332e+00,2.062500000000000888e+00,2.421875000000001332e+00,1.546875000000000888e+00,3.656250000000002665e+00,1.703125000000001110e+00,1.093750000000000833e-01,-1.812500000000001332e+00,-4.031250000000002665e+00,-5.640625000000003553e+00,-4.625000000000003553e+00,-2.140625000000001776e+00,-1.265625000000001110e+00,3.015625000000001776e+00,3.937500000000002665e+00,1.593750000000000888e+00,2.828125000000001776e+00,-1.625000000000000888e+00,-3.421875000000002220e+00,-6.093750000000005551e-01,-3.078125000000001776e+00,8.125000000000008882e-01,3.015625000000002220e+00,1.140625000000000888e+00,3.703125000000002220e+00,-2.500000000000000000e-01,-2.828125000000001332e+00,-3.531250000000002665e+00,-5.828125000000003553e+00,-2.734375000000001776e+00,-2.796875000000001776e+00,-2.234375000000000888e+00,-1.718750000000000888e+00,-3.265625000000001776e+00,1.687500000000001332e+00,5.296875000000003553e+00,8.312500000000005329e+00,1.081250000000000711e+01,5.734375000000003553e+00,1.484375000000000888e+00,-2.015625000000001332e+00,-5.921875000000003553e+00,-5.578125000000003553e+00,-6.453125000000003553e+00,-5.812500000000003553e+00,-3.046875000000001776e+00,-7.500000000000001110e-01,4.515625000000003553e+00,6.296875000000003553e+00,5.828125000000003553e+00,5.531250000000003553e+00,2.187500000000000000e-01,-2.609375000000002220e+00,-4.281250000000003553e+00,-7.765625000000005329e+00,-5.343750000000003553e+00,-3.718750000000001776e+00,-1.140625000000000000e+00,4.312500000000002665e+00,4.109375000000002665e+00,4.875000000000003553e+00,2.781250000000001776e+00,-1.734375000000001332e+00,-7.968750000000006661e-01,-1.500000000000001110e+00,8.281250000000000000e-01,4.015625000000002665e+00,2.484375000000001776e+00,2.078125000000001332e+00,6.875000000000005551e-01,3.281250000000003331e-01,1.656250000000001332e+00,2.250000000000001332e+00,1.484375000000000888e+00,-2.375000000000001776e+00,-3.703125000000002665e+00,-2.890625000000001776e+00,-1.828125000000001332e+00,2.796875000000002220e+00,2.437500000000001776e+00,-1.921875000000001332e+00,-2.468750000000001776e+00,-4.921875000000003553e+00,-2.687500000000001776e+00,4.000000000000002665e+00,4.859375000000003553e+00,6.062500000000003553e+00,5.250000000000003553e+00,1.406250000000000666e+00,6.406250000000003331e-01,3.906250000000001665e-01,-1.546875000000001332e+00,-3.265625000000002665e+00,-4.140625000000002665e+00,-6.921875000000003553e+00,-5.328125000000003553e+00,-2.937500000000001776e+00,-2.031250000000001332e+00,2.968750000000001332e+00,2.968750000000001332e+00,4.781250000000002665e+00,6.906250000000003553e+00,3.984375000000002665e+00,3.671875000000002665e+00,-9.062500000000004441e-01,-4.546875000000003553e+00,-5.390625000000003553e+00,-5.000000000000003553e+00,-1.671875000000001110e+00,-9.531250000000004441e-01,2.968750000000002220e-01,-6.250000000000005551e-01,-8.906250000000009992e-01,1.453125000000000888e+00,2.515625000000001776e+00,4.828125000000003553e+00,5.109375000000003553e+00,3.671875000000002665e+00,3.015625000000002220e+00,-2.031250000000004441e-01,-3.328125000000002665e+00,-3.484375000000002665e+00,-5.406250000000003553e+00,-2.828125000000001776e+00,4.843750000000001110e-01,-1.875000000000004996e-01,1.562500000000000666e+00,-1.015625000000000666e+00,-1.953125000000000888e+00,-2.812500000000000000e-01,2.031250000000003331e-01,4.359375000000002665e+00,4.812500000000002665e+00,4.625000000000002665e+00,5.156250000000002665e+00,2.218750000000001332e+00,2.390625000000001776e+00,1.328125000000000888e+00,-2.593750000000001332e+00,-4.937500000000003553e+00,-7.656250000000005329e+00,-7.781250000000005329e+00,-3.187500000000002665e+00,2.562500000000002220e+00,5.921875000000005329e+00,6.328125000000005329e+00,3.921875000000002665e+00,2.968750000000003331e-01,-1.906250000000001332e+00,-5.625000000000005551e-01,-1.109375000000000888e+00,-1.937500000000001554e+00,-7.187500000000005551e-01,-3.531250000000002665e+00,-1.671875000000001332e+00,4.843750000000002220e-01,6.718750000000002220e-01,3.296875000000002220e+00,2.937500000000001776e+00,2.765625000000001776e+00,1.609375000000000888e+00,1.343750000000000444e+00,1.656250000000001110e+00,1.859375000000001554e+00,3.484375000000002665e+00,1.343750000000001110e+00,-1.875000000000001332e+00,-4.421875000000002665e+00,-7.468750000000004441e+00,-6.296875000000003553e+00,-3.734375000000002220e+00,-2.421875000000001776e+00,2.031250000000002220e-01,1.375000000000000888e+00,3.281250000000002220e+00,5.437500000000003553e+00,5.281250000000003553e+00,2.218750000000001332e+00,-3.109375000000002220e+00,-8.000000000000005329e+00,-1.081250000000000711e+01,-7.734375000000005329e+00,-2.890625000000001776e+00,3.015625000000002220e+00,8.484375000000005329e+00,8.281250000000005329e+00,7.640625000000005329e+00,5.000000000000003553e+00,1.250000000000000888e+00,-4.687500000000005551e-02,-1.140625000000000888e+00,-1.015625000000000444e+00,-1.265625000000000888e+00,-1.062500000000000666e+00,-2.296875000000001332e+00,-4.562500000000002665e+00,-3.171875000000001776e+00,-1.250000000000000888e+00,1.828125000000000888e+00,5.390625000000003553e+00,3.796875000000002665e+00,-6.093749999999998890e-01,-3.687500000000001776e+00,-5.140625000000002665e+00,-1.921875000000000888e+00,2.656250000000001776e+00,4.218750000000002665e+00,3.765625000000002220e+00,-9.218750000000004441e-01,-3.031250000000001776e+00,-2.875000000000001776e+00,-3.640625000000002220e+00,1.562500000000000000e-01,-1.562500000000022204e-02,-3.125000000000004441e-01,3.812500000000001776e+00,3.593750000000001776e+00,4.625000000000003553e+00,4.406250000000003553e+00,-1.765625000000001332e+00,-4.703125000000003553e+00,-5.187500000000003553e+00,-3.625000000000003109e+00,2.453125000000000888e+00,6.046875000000003553e+00,6.937500000000004441e+00,4.234375000000002665e+00,5.781250000000006661e-01,-1.125000000000000444e+00,-3.250000000000001776e+00,-1.984375000000001332e+00,-2.531250000000001332e+00,-4.203125000000002665e+00,-4.203125000000002665e+00,-3.812500000000002665e+00,-1.609375000000001110e+00,7.968750000000006661e-01,3.734375000000002665e+00,1.906250000000001332e+00,5.625000000000005551e-01,-1.140625000000000444e+00,-5.625000000000003553e+00,-3.750000000000002220e+00,-4.656250000000003553e+00,-3.265625000000002220e+00,9.687500000000007772e-01,9.062500000000008882e-01,3.343750000000002665e+00,2.890625000000002665e+00,2.593750000000001776e+00,4.031250000000003553e+00,5.140625000000003553e+00,8.515625000000005329e+00,8.546875000000005329e+00,6.390625000000003553e+00,4.265625000000002665e+00,-1.468750000000000666e+00,-4.843750000000002665e+00,-4.453125000000002665e+00,-5.828125000000003553e+00,-3.796875000000002665e+00,-1.015625000000000666e+00,-1.593750000000001332e+00,-1.000000000000000888e+00,-6.562500000000005551e-01,-2.343750000000001776e+00,-2.812500000000001776e+00,-2.187500000000001332e+00,-2.343750000000001332e+00,-7.500000000000003331e-01,1.296875000000000888e+00,2.562500000000001776e+00,3.218750000000001776e+00,2.187500000000001332e+00,-9.375000000000011102e-02,-2.625000000000001776e+00,-3.187500000000001776e+00,-2.875000000000001776e+00,2.187500000000002220e-01,3.218750000000002665e+00,2.265625000000001776e+00,3.000000000000001776e+00,2.187500000000000000e-01,-3.656250000000002665e+00,-1.984375000000001332e+00,-3.125000000000001332e+00,-3.937500000000001776e+00,-1.203125000000000888e+00,-2.906250000000001776e+00,-4.109375000000002665e+00,-3.437500000000004441e-01,-1.562500000000000000e-01,1.546875000000000666e+00,5.593750000000003553e+00,2.734375000000001332e+00,1.265625000000000666e+00,4.843750000000000000e-01,-2.015625000000001776e+00,7.812500000000000000e-02,1.687500000000001110e+00,3.187500000000002220e+00,3.265625000000002220e+00,8.750000000000006661e-01,1.421875000000000666e+00,9.375000000000002220e-01,3.546875000000001776e+00,9.609375000000005329e+00,9.953125000000005329e+00,9.296875000000005329e+00,5.562500000000002665e+00,-4.421875000000002665e+00,-8.968750000000005329e+00,-1.035937500000000711e+01,-9.187500000000005329e+00,-7.812500000000000000e-01,2.859375000000001776e+00,5.218750000000004441e+00,4.796875000000003553e+00,-1.187500000000000222e+00,-2.218750000000000888e+00,-6.250000000000003553e+00,-6.359375000000003553e+00,-2.968750000000001776e+00,-4.421875000000002665e+00,-3.750000000000002220e-01,4.687499999999977796e-02,-2.656250000000001776e+00,6.249999999999988898e-02,-1.750000000000000888e+00,-1.546875000000000666e+00,3.078125000000001776e+00,2.218750000000001332e+00,3.500000000000002665e+00,2.921875000000002220e+00,-1.000000000000000666e+00,-4.375000000000003331e-01,-1.546875000000001110e+00,1.187500000000000666e+00,2.625000000000001776e+00,-4.687500000000007216e-01,8.437500000000002220e-01,-3.578125000000001776e+00,-4.593750000000002665e+00,-1.562500000000000347e-02,-2.968750000000001776e+00,-3.125000000000004441e-01,1.984375000000000888e+00,-2.468750000000001332e+00,9.531250000000006661e-01,-4.687500000000008882e-01,-4.640625000000003553e+00,-1.562500000000000666e+00,-2.765625000000001332e+00,1.843750000000002220e+00,9.921875000000007105e+00,1.303125000000000888e+01,1.443750000000001066e+01,9.328125000000007105e+00,6.093750000000000000e-01,-8.375000000000007105e+00,-1.153125000000000888e+01,-1.073437500000000711e+01,-7.968750000000005329e+00,-1.078125000000001110e+00,-9.375000000000000000e-02,3.125000000000000000e-02,2.156250000000001776e+00,1.593750000000001110e+00,3.781250000000002665e+00,5.500000000000003553e+00,2.578125000000001776e+00,-2.000000000000001332e+00,-5.437500000000004441e+00,-7.812500000000005329e+00,-5.328125000000003553e+00,6.250000000000000000e-02,1.765625000000001332e+00,3.859375000000002665e+00,1.093750000000000666e+00,-3.203125000000001776e+00,-1.687500000000000888e+00,-3.328125000000002220e+00,3.593750000000004441e-01,6.687500000000004441e+00,5.625000000000003553e+00,8.375000000000005329e+00,5.546875000000004441e+00,-1.531250000000000888e+00,-1.734375000000001332e+00,-5.609375000000003553e+00,-4.859375000000002665e+00,-2.140625000000001332e+00,-5.203125000000003553e+00,-3.250000000000001776e+00,-3.421875000000001776e+00,-1.546875000000000444e+00,5.296875000000003553e+00,5.828125000000004441e+00,5.703125000000004441e+00,7.968750000000013323e-01,-7.046875000000003553e+00,-9.343750000000005329e+00,-8.937500000000005329e+00,-2.484375000000001776e+00,5.187500000000003553e+00,1.117187500000000711e+01,1.309375000000000888e+01,9.093750000000005329e+00,4.062500000000002665e+00,-4.359375000000001776e+00,-8.796875000000005329e+00,-8.421875000000005329e+00,-7.750000000000005329e+00,-2.015625000000001332e+00,2.781250000000001776e+00,4.875000000000003553e+00,8.109375000000005329e+00,8.828125000000005329e+00,5.640625000000003553e+00,2.718750000000001776e+00,-2.296875000000001776e+00,-8.265625000000005329e+00,-7.265625000000004441e+00,-6.359375000000004441e+00,-3.468750000000002220e+00,1.703125000000000888e+00,-4.375000000000004441e-01,-1.031250000000000666e+00,-3.531250000000002220e+00,-5.937500000000003553e+00,-2.968750000000001776e+00,-1.328125000000001110e+00,4.859375000000002665e+00,8.625000000000005329e+00,1.196875000000000711e+01,1.660937500000001066e+01,1.403125000000000888e+01,1.317187500000000711e+01,1.000000000000000533e+01,4.875000000000002665e+00,6.578125000000003553e+00,6.546875000000003553e+00,5.328125000000003553e+00,3.984375000000003109e+00,-3.484375000000003109e+00,-7.343750000000005329e+00,-8.453125000000005329e+00,-8.125000000000005329e+00,-9.218750000000002220e-01,1.796875000000000666e+00,5.640625000000002665e+00,9.937500000000007105e+00,4.125000000000002665e+00,-1.046875000000000222e+00,-8.484375000000003553e+00,-1.784375000000001066e+01,-1.375000000000000711e+01,-2.890625000000000888e+00,4.750000000000003553e+00,1.357812500000001066e+01,1.057812500000000711e+01,-2.109375000000002665e+00,-9.656250000000007105e+00,-1.720312500000001066e+01,-2.006250000000001421e+01,-1.790625000000001066e+01,-1.248437500000000711e+01,-6.921875000000004441e+00,2.453125000000000444e+00,1.284375000000000711e+01,1.248437500000000711e+01,1.278125000000000711e+01,6.203125000000004441e+00,-1.859375000000001332e+00,-4.531250000000003331e-01,-2.937500000000001332e+00,-1.796875000000000444e+00,-4.625000000000001776e+00,-1.418750000000000711e+01,-1.662500000000001066e+01,-2.006250000000001421e+01,-1.337500000000000711e+01,1.796875000000001998e+00,7.953125000000006217e+00,1.582812500000001066e+01,1.209375000000000711e+01,-4.531250000000002220e-01,-4.359375000000002665e+00,-1.132812500000000711e+01,-9.109375000000005329e+00,-3.062500000000001776e+00,-5.156250000000004441e-01,6.328125000000004441e+00,5.500000000000004441e+00,4.140625000000002665e+00,-9.531250000000004441e-01,-1.025000000000000711e+01,-1.262500000000000888e+01,-1.439062500000000711e+01,-9.343750000000003553e+00,-5.937499999999997780e-01,4.734375000000002665e+00,1.164062500000000711e+01,1.292187500000000711e+01,8.984375000000003553e+00,5.937500000000003553e+00,-1.390625000000001332e+00,-4.218750000000002665e+00,-2.656250000000001776e+00,-5.843750000000003553e+00,-5.062500000000002665e+00,-8.343750000000005329e+00,-1.026562500000000711e+01,-2.375000000000002220e+00,3.765625000000001332e+00,1.323437500000000711e+01,1.715625000000001066e+01,1.318750000000000888e+01,9.203125000000005329e+00,1.578125000000001554e+00,-1.953125000000001332e+00,-3.250000000000002220e+00,-4.406250000000003553e+00,-1.031250000000000888e+00,4.843750000000004441e-01,9.687500000000009992e-01,-7.031249999999997780e-01,-6.078125000000003553e+00,-9.484375000000005329e+00,-1.095312500000000711e+01,-5.968750000000004441e+00,2.031249999999996114e-01,6.203125000000003553e+00,1.351562500000000711e+01,1.346875000000000711e+01,1.429687500000000888e+01,1.157812500000000711e+01,2.312500000000001332e+00,-2.953125000000001332e+00,-8.937500000000007105e+00,-1.095312500000000711e+01,-5.984375000000003553e+00,-1.484375000000001332e+00,2.546875000000001332e+00,4.343750000000002665e+00,4.406250000000002665e+00,3.000000000000001776e+00,2.187500000000001776e+00,4.390625000000002665e+00,5.750000000000002665e+00,1.089062500000000533e+01,1.573437500000000888e+01,1.435937500000000711e+01,9.843750000000005329e+00,-1.953125000000002665e+00,-1.479687500000001066e+01,-2.045312500000001421e+01,-1.993750000000001421e+01,-1.090625000000000711e+01,1.031250000000000888e+00,7.953125000000004441e+00,9.625000000000005329e+00,4.296875000000001776e+00,-2.125000000000001776e+00,-3.781250000000002665e+00,-2.703125000000001776e+00,3.609375000000002220e+00,7.656250000000005329e+00,5.515625000000004441e+00,4.234375000000003553e+00,1.093750000000000000e-01,-1.968750000000001332e+00,-2.187500000000001665e-01,-3.593750000000002220e-01,1.562500000000002220e-01,-1.312500000000000888e+00,-2.906250000000001776e+00,-5.750000000000003553e+00,-9.343750000000005329e+00,-7.484375000000004441e+00,-5.062500000000003553e+00,1.656250000000000888e+00,1.023437500000000711e+01,1.082812500000000711e+01,8.593750000000005329e+00,8.281250000000000000e-01,-7.921875000000005329e+00,-1.010937500000000711e+01,-9.937500000000007105e+00,-3.218750000000002220e+00,2.171875000000000888e+00,5.000000000000003553e+00,9.859375000000007105e+00,7.593750000000005329e+00,6.296875000000003553e+00,5.390625000000003553e+00,-2.625000000000001776e+00,-4.765625000000003553e+00,-5.281250000000003553e+00,-8.171875000000005329e+00,-2.812500000000001776e+00,7.812500000000022204e-02,1.562500000000002220e-01,4.734375000000003553e+00,3.218750000000002665e+00,3.281249999999999445e-01,3.281249999999999445e-01,-5.843750000000003553e+00,-8.468750000000005329e+00,-7.140625000000003553e+00,-7.781250000000005329e+00,1.015625000000000444e+00,9.000000000000005329e+00,1.081250000000000711e+01,1.248437500000000711e+01,4.171875000000001776e+00,-6.687500000000003553e+00,-9.406250000000007105e+00,-1.143750000000000711e+01,-7.406250000000004441e+00,2.140625000000000888e+00,3.093750000000001776e+00,5.578125000000002665e+00,6.140625000000003553e+00,1.406250000000000888e+00,4.812500000000003553e+00,3.343750000000002665e+00,4.375000000000004441e-01,-1.359375000000000222e+00,-1.045312500000000711e+01,-1.264062500000000711e+01,-1.135937500000000711e+01,-6.562500000000004441e+00,4.812500000000003553e+00,1.095312500000000711e+01,1.529687500000001066e+01,1.407812500000000711e+01,6.515625000000003553e+00,0.000000000000000000e+00,-7.281250000000005329e+00,-9.421875000000007105e+00,-6.453125000000004441e+00,-2.656250000000001776e+00,2.500000000000001776e+00,4.687500000000003553e+00,3.437500000000002220e+00,3.625000000000002220e+00,2.359375000000001332e+00,2.250000000000001332e+00,5.140625000000002665e+00,3.765625000000001776e+00,2.515625000000001332e+00,-3.281250000000004441e-01,-4.921875000000003553e+00,-5.968750000000003553e+00,-4.640625000000003553e+00,-2.312500000000001776e+00,-1.390625000000000888e+00,-7.343750000000003331e-01,-2.625000000000001332e+00,-2.546875000000001332e+00,1.562500000000004718e-01,8.281250000000008882e-01,2.281250000000001776e+00,1.265625000000001110e+00,-1.171875000000000888e+00,-3.750000000000003331e-01,1.625000000000000888e+00,3.421875000000001776e+00,7.062500000000003553e+00,7.140625000000003553e+00,4.968750000000002665e+00,3.656250000000002220e+00,-2.015625000000001332e+00,-3.468750000000002665e+00,-4.468750000000003553e+00,-4.625000000000003553e+00,3.265625000000001332e+00,2.953125000000001332e+00,4.984375000000003553e+00,6.937500000000004441e+00,-1.734375000000001110e+00,1.312500000000000888e+00,6.406250000000000000e-01,-3.125000000000002665e+00,5.156250000000001110e-01,-6.671875000000004441e+00,-8.234375000000005329e+00,-4.734375000000002665e+00,-2.218750000000001332e+00,8.468750000000005329e+00,9.921875000000007105e+00,5.468750000000003553e+00,-9.375000000000008882e-01,-1.037500000000000711e+01,-9.296875000000007105e+00,1.874999999999995559e-01,1.012500000000000533e+01,1.564062500000000888e+01,1.456250000000000888e+01,2.000000000000000888e+00,-6.781250000000003553e+00,-8.687500000000005329e+00,-9.187500000000007105e+00,6.875000000000008882e-01,1.718750000000001332e+00,-4.687500000000000000e-01,-2.625000000000001332e+00,-1.121875000000000711e+01,-9.000000000000007105e+00,-6.421875000000005329e+00,-2.468750000000001776e+00,4.078125000000002665e+00,2.671875000000001776e+00,8.281250000000008882e-01,-3.234375000000002220e+00,-5.890625000000003553e+00,-3.656250000000002665e+00,-1.625000000000001332e+00,3.609375000000002665e+00,7.312500000000005329e+00,7.390625000000005329e+00,1.132812500000000711e+01,1.078125000000000711e+01,7.671875000000005329e+00,5.468750000000003553e+00,-3.531250000000001776e+00,-8.265625000000005329e+00,-8.265625000000005329e+00,-6.671875000000003553e+00,-2.968750000000000000e-01,2.500000000000001776e+00,1.656250000000001110e+00,0.000000000000000000e+00,-2.000000000000001332e+00,-6.875000000000005551e-01,4.812500000000002665e+00,1.093750000000000711e+01,1.390625000000000888e+01,1.489062500000000888e+01,7.203125000000003553e+00,-5.062500000000003553e+00,-1.168750000000000711e+01,-2.015625000000001421e+01,-1.710937500000001066e+01,-6.578125000000003553e+00,-3.812500000000000888e+00,4.109375000000002665e+00,8.750000000000008882e-01,-7.390625000000003553e+00,-7.875000000000005329e+00,-1.484375000000000888e+01,-1.196875000000000711e+01,-9.468750000000007105e+00,-1.065625000000000711e+01,-3.515625000000002220e+00,-1.531250000000000444e+00,5.843750000000003553e+00,1.278125000000000711e+01,1.375000000000000888e+01,1.504687500000001066e+01,1.270312500000000888e+01,1.475000000000001066e+01,1.635937500000001066e+01,2.040625000000001421e+01,2.221875000000001421e+01,1.326562500000000711e+01,6.859375000000005329e+00,-6.734375000000004441e+00,-2.192187500000001421e+01,-2.503125000000002132e+01,-3.142187500000002132e+01,-2.987500000000001421e+01,-1.717187500000000711e+01,-1.046875000000000711e+01,1.265625000000001776e+00,1.340625000000001066e+01,1.364062500000000888e+01,1.389062500000000888e+01,1.370312500000000711e+01,9.968750000000005329e+00,1.618750000000001066e+01,2.878125000000001776e+01,3.531250000000002132e+01,3.531250000000002132e+01,2.176562500000001421e+01,-4.515625000000002665e+00,-2.531250000000001776e+01,-3.251562500000002132e+01,-2.739062500000001776e+01,-1.028125000000000711e+01,2.593750000000001332e+00,5.140625000000003553e+00,2.390625000000001776e+00,-8.265625000000005329e+00,-1.435937500000001066e+01,-1.526562500000001066e+01,-1.440625000000000888e+01,-8.359375000000005329e+00,-4.281250000000002665e+00,-1.750000000000001332e+00,9.375000000000006939e-02,7.812500000000005551e-02,4.687500000000002776e-02,3.125000000000002082e-02,1.562500000000001041e-02,-4.687500000000004163e-02,-4.687500000000004163e-02,-4.687500000000004163e-02,-4.687500000000004163e-02,4.687500000000004163e-02,3.125000000000002776e-02,1.562500000000001735e-02,-1.562500000000000694e-02,-1.093750000000000833e-01,-1.093750000000000833e-01,-9.375000000000008327e-02,-1.562500000000001388e-02,7.812500000000006939e-02,2.031250000000001665e-01,2.656250000000002220e-01,2.500000000000002220e-01,2.343750000000001943e-01,1.562500000000004163e-02,-1.093750000000000555e-01,-2.343750000000001665e-01,-3.593750000000002776e-01,-2.187500000000001665e-01,-1.562500000000001388e-01,-1.562500000000002776e-02,1.250000000000001110e-01,7.812500000000006939e-02,1.093750000000000833e-01,9.375000000000006939e-02,7.812500000000005551e-02,1.406250000000001110e-01,1.093750000000000833e-01,0.000000000000000000e+00,-1.250000000000001110e-01,-2.812500000000002220e-01,-3.906250000000003331e-01,-2.656250000000002220e-01,-7.812500000000004163e-02,1.718750000000001388e-01,4.687500000000003331e-01,4.531250000000003331e-01,3.437500000000002220e-01,1.406250000000001110e-01,-1.562500000000001110e-01,-2.187500000000001665e-01,-2.187500000000001665e-01,-1.562500000000001110e-01,-3.125000000000002082e-02,-1.562500000000001041e-02,0.000000000000000000e+00,-1.562500000000001041e-02,-3.125000000000001665e-01,-1.921875000000001554e+00,-4.734375000000003553e+00,-9.671875000000007105e+00,-1.545312500000001066e+01,-1.854687500000001066e+01,-1.976562500000001421e+01,-1.689062500000001421e+01,-1.200000000000000888e+01,-7.828125000000005329e+00,-4.468750000000002665e+00,-1.828125000000000888e+00,1.031250000000001554e+00,2.140625000000001776e+00,4.984375000000003553e+00,7.500000000000006217e+00,9.031250000000007105e+00,1.270312500000001066e+01,1.359375000000001066e+01,7.859375000000006217e+00,-2.968750000000000000e-01,-1.190625000000000888e+01,-2.200000000000001421e+01,-1.900000000000001421e+01,-1.146875000000000711e+01,2.328125000000002665e+00,1.693750000000001421e+01,1.784375000000001066e+01,1.490625000000001066e+01,2.968750000000002665e+00,-1.623437500000001066e+01,-2.182812500000001421e+01,-1.804687500000001066e+01,5.328125000000003553e+00,5.054687500000002842e+01
3.525000000000001421e+01,1.025625000000000426e+02,8.493750000000002842e+01,-2.037500000000000711e+01,-7.693750000000002842e+01,-4.281250000000001421e+01,3.750000000000008882e-01,5.437500000000003553e+00,-4.000000000000001776e+00,-6.125000000000003553e+00,-2.437500000000001776e+00,9.500000000000003553e+00,9.500000000000003553e+00,-3.187500000000000888e+00,-1.000000000000000000e+00,1.125000000000000444e+00,-4.625000000000002665e+00,-3.250000000000001776e+00,-9.375000000000003331e-01,-1.750000000000000666e+00,1.187500000000000444e+00,7.312500000000002665e+00,6.875000000000000000e-01,-9.000000000000003553e+00,7.500000000000008882e-01,2.062500000000000888e+00,-1.150000000000000533e+01,-4.750000000000001776e+00,6.687500000000003553e+00,4.187500000000001776e+00,2.812500000000001332e+00,3.750000000000000000e-01,5.000000000000000000e-01,7.312500000000002665e+00,8.562500000000003553e+00,3.312500000000001332e+00,-1.875000000000000444e+00,-7.625000000000001776e+00,-1.187500000000000533e+01,-2.250000000000001776e+00,1.387500000000000533e+01,1.356250000000000533e+01,-1.062500000000000444e+00,-1.106250000000000711e+01,-1.306250000000000711e+01,-8.750000000000003553e+00,3.312500000000000888e+00,9.500000000000003553e+00,5.812500000000002665e+00,-1.812500000000001110e+00,-6.250000000000002665e+00,4.125000000000002665e+00,7.812500000000003553e+00,-3.937500000000001332e+00,-1.750000000000000000e+00,4.562500000000002665e+00,-3.875000000000000888e+00,-4.937500000000001776e+00,7.625000000000003553e+00,4.875000000000002665e+00,-1.306250000000000711e+01,-7.875000000000004441e+00,1.037500000000000355e+01,3.812500000000001776e+00,-4.812500000000001776e+00,2.375000000000001776e+00,1.625000000000000888e+00,-8.000000000000003553e+00,-9.500000000000005329e+00,3.750000000000001776e+00,1.150000000000000533e+01,-1.312500000000000888e+00,-4.312500000000001776e+00,7.875000000000003553e+00,8.125000000000008882e-01,-1.118750000000000533e+01,1.937500000000000888e+00,1.368750000000000711e+01,2.187500000000001776e+00,-1.312500000000000533e+01,-1.062500000000000355e+01,7.000000000000002665e+00,1.000000000000000355e+01,-5.062500000000002665e+00,-9.062500000000003553e+00,-4.375000000000000000e-01,1.562500000000000888e+00,1.687500000000000888e+00,9.187500000000003553e+00,5.875000000000002665e+00,-5.500000000000002665e+00,-8.062500000000003553e+00,-7.375000000000003553e+00,-1.875000000000000000e-01,5.812500000000003553e+00,4.250000000000001776e+00,4.625000000000001776e+00,-2.562500000000001776e+00,-8.000000000000003553e+00,-1.437500000000000222e+00,1.062500000000000444e+00,1.875000000000000666e+00,4.625000000000001776e+00,3.875000000000001776e+00,2.875000000000001332e+00,-2.250000000000000888e+00,-8.062500000000003553e+00,-7.500000000000000000e-01,2.562500000000001776e+00,-2.625000000000000888e+00,4.250000000000001776e+00,4.250000000000001776e+00,-6.875000000000003553e+00,-2.937500000000001776e+00,8.062500000000003553e+00,7.187500000000003553e+00,-4.375000000000001776e+00,-1.087500000000000533e+01,-8.125000000000008882e-01,8.312500000000003553e+00,-3.125000000000001776e+00,-9.937500000000005329e+00,4.250000000000001776e+00,7.687500000000003553e+00,8.125000000000003331e-01,1.437500000000000444e+00,-3.375000000000001332e+00,-4.687500000000001776e+00,1.125000000000000222e+00,6.250000000000000000e-01,1.750000000000000666e+00,-1.500000000000000888e+00,-3.500000000000001776e+00,7.250000000000003553e+00,5.625000000000002665e+00,-5.750000000000002665e+00,-5.062500000000001776e+00,-3.125000000000001110e-01,-2.250000000000001332e+00,-3.062500000000001332e+00,6.250000000000003553e+00,6.562500000000003553e+00,-7.812500000000003553e+00,-1.206250000000000355e+01,-1.124999999999999556e+00,1.456250000000000533e+01,1.556250000000000533e+01,-2.312500000000000888e+00,-9.312500000000003553e+00,-3.187500000000001332e+00,-5.625000000000004441e-01,3.375000000000001776e+00,2.937500000000001332e+00,-7.750000000000003553e+00,-1.037500000000000533e+01,3.500000000000000888e+00,9.625000000000003553e+00,-1.062500000000000444e+00,3.750000000000000000e-01,7.875000000000003553e+00,-2.625000000000001776e+00,-6.187500000000003553e+00,3.437500000000001332e+00,3.749999999999995559e-01,-8.250000000000003553e+00,-5.250000000000001776e+00,5.375000000000001776e+00,4.562500000000000888e+00,-4.500000000000002665e+00,3.062500000000001776e+00,1.075000000000000533e+01,-1.750000000000000888e+00,-1.281250000000000711e+01,-4.875000000000002665e+00,1.050000000000000355e+01,6.250000000000002665e+00,-6.812500000000003553e+00,2.187500000000000888e+00,8.062500000000003553e+00,-8.937500000000005329e+00,-1.062500000000000533e+01,1.081250000000000533e+01,1.362500000000000711e+01,-3.312500000000000888e+00,-9.562500000000003553e+00,-9.062500000000003553e+00,-3.125000000000000888e+00,1.231250000000000355e+01,1.118750000000000355e+01,-4.000000000000001776e+00,-8.687500000000003553e+00,-7.125000000000003553e+00,-5.625000000000008882e-01,4.625000000000001776e+00,2.875000000000001332e+00,8.250000000000003553e+00,4.687500000000001776e+00,-1.225000000000000533e+01,-5.625000000000001776e+00,1.237500000000000533e+01,4.437500000000001776e+00,-8.000000000000003553e+00,-3.062500000000001332e+00,6.249999999999977796e-02,-2.750000000000001776e+00,-2.562500000000000888e+00,6.875000000000006661e-01,1.812500000000000888e+00,2.500000000000000555e-01,4.125000000000001776e+00,8.125000000000000000e-01,-5.312500000000002665e+00,7.125000000000002665e+00,1.093750000000000355e+01,-7.437500000000002665e+00,-1.425000000000000711e+01,-1.812500000000000888e+00,4.875000000000002665e+00,4.375000000000001776e+00,6.000000000000002665e+00,-4.000000000000001776e+00,-1.387500000000000711e+01,6.250000000000000000e-01,1.543750000000000711e+01,3.312500000000001776e+00,-1.093750000000000533e+01,4.375000000000000000e-01,1.068750000000000533e+01,-8.125000000000008882e-01,-4.562500000000002665e+00,1.437500000000000666e+00,-5.500000000000002665e+00,-6.750000000000003553e+00,4.250000000000001776e+00,7.250000000000003553e+00,1.937500000000000888e+00,-4.750000000000001776e+00,-4.750000000000001776e+00,3.125000000000001110e-01,2.125000000000000888e+00,9.375000000000004441e-01,1.875000000000000833e-01,5.000000000000001776e+00,4.375000000000001776e+00,-4.687500000000001776e+00,-3.125000000000001332e+00,3.187500000000001332e+00,4.000000000000001776e+00,3.312500000000001776e+00,-5.375000000000003553e+00,-1.331250000000000711e+01,-4.750000000000002665e+00,5.562500000000002665e+00,7.750000000000003553e+00,1.006250000000000355e+01,2.250000000000000000e+00,-1.343750000000000533e+01,-7.437500000000002665e+00,9.750000000000003553e+00,5.687500000000002665e+00,-3.000000000000000888e+00,-2.500000000000000888e+00,-5.062500000000002665e+00,-1.062500000000000444e+00,4.937500000000001776e+00,1.062500000000000444e+00,-1.250000000000000444e+00,-2.500000000000001665e-01,5.625000000000002220e-01,4.062500000000001776e+00,3.750000000000001776e+00,-6.187500000000003553e+00,-7.250000000000003553e+00,6.750000000000003553e+00,1.087500000000000533e+01,7.500000000000004441e-01,-8.125000000000003553e+00,-8.875000000000003553e+00,-2.125000000000000888e+00,2.687500000000001332e+00,3.312500000000001776e+00,2.875000000000001332e+00,-4.062500000000001776e+00,-7.812500000000002665e+00,3.312500000000002665e+00,1.293750000000000711e+01,5.500000000000003553e+00,-5.937500000000001776e+00,-7.187500000000002665e+00,-4.375000000000001776e+00,-4.562500000000001776e+00,-3.250000000000001332e+00,4.062500000000001776e+00,6.812500000000002665e+00,3.437500000000001776e+00,4.125000000000001776e+00,-6.250000000000008882e-01,-6.062500000000002665e+00,3.312500000000001776e+00,6.062500000000002665e+00,-7.312500000000003553e+00,-6.187500000000002665e+00,8.250000000000003553e+00,3.937500000000002220e+00,-5.812500000000002665e+00,-1.875000000000000888e+00,-4.562500000000001776e+00,-6.625000000000001776e+00,9.187500000000003553e+00,1.550000000000000533e+01,6.250000000000000000e-01,-1.137500000000000533e+01,-1.200000000000000533e+01,-3.937500000000001776e+00,9.625000000000003553e+00,1.387500000000000711e+01,1.250000000000000888e+00,-9.562500000000003553e+00,-4.750000000000001776e+00,-1.000000000000000444e+00,6.250000000000000000e-02,6.125000000000002665e+00,1.500000000000000000e+00,-5.625000000000003553e+00,-3.187500000000001332e+00,-6.249999999999977796e-02,8.187500000000003553e+00,9.250000000000003553e+00,-4.437500000000001776e+00,-5.875000000000002665e+00,-1.625000000000000444e+00,-8.500000000000003553e+00,-3.500000000000002220e+00,1.350000000000000533e+01,1.256250000000000355e+01,-3.250000000000000888e+00,-8.500000000000003553e+00,-3.937500000000001776e+00,2.000000000000000444e+00,6.687500000000002665e+00,-1.437500000000000000e+00,-8.125000000000003553e+00,2.187500000000000888e+00,3.437500000000000888e+00,-9.750000000000003553e+00,-4.625000000000001776e+00,1.281250000000000533e+01,8.437500000000003553e+00,-6.500000000000002665e+00,-8.437500000000003553e+00,8.750000000000008882e-01,5.812500000000002665e+00,-3.750000000000001776e+00,-6.312500000000002665e+00,4.375000000000004441e-01,6.875000000000006661e-01,5.125000000000001776e+00,7.250000000000002665e+00,-5.125000000000002665e+00,-1.006250000000000533e+01,5.125000000000001776e+00,1.187500000000000533e+01,-3.125000000000000000e-01,-6.875000000000000000e-01,6.437500000000003553e+00,-1.437500000000000444e+00,-5.062500000000001776e+00,-2.000000000000000888e+00,-5.187500000000002665e+00,1.625000000000000000e+00,6.312500000000001776e+00,-5.875000000000003553e+00,-3.625000000000001776e+00,8.000000000000003553e+00,-1.625000000000001776e+00,-7.625000000000004441e+00,4.187500000000001776e+00,1.750000000000000888e+00,-8.187500000000003553e+00,1.375000000000000888e+00,9.000000000000003553e+00,-2.875000000000002220e+00,-5.000000000000002665e+00,9.062500000000003553e+00,4.812500000000001776e+00,-1.337500000000000533e+01,-8.312500000000003553e+00,8.875000000000003553e+00,4.875000000000002665e+00,-1.375000000000000666e+00,4.625000000000001776e+00,-2.437500000000001776e+00,-6.437500000000003553e+00,4.937500000000001776e+00,-1.187500000000001776e+00,-7.625000000000003553e+00,5.375000000000003553e+00,4.062500000000002665e+00,-5.750000000000002665e+00,-3.562500000000001776e+00,-2.875000000000001332e+00,3.812500000000002220e+00,9.250000000000005329e+00,-3.875000000000001776e+00,-2.750000000000001776e+00,9.000000000000003553e+00,-4.875000000000003553e+00,-1.350000000000000711e+01,6.937500000000003553e+00,1.362500000000000711e+01,-4.812500000000002665e+00,-5.312500000000002665e+00,6.625000000000002665e+00,-2.750000000000001776e+00,-7.437500000000003553e+00,5.375000000000002665e+00,8.000000000000003553e+00,6.375000000000003553e+00,5.125000000000003553e+00,-3.000000000000001776e+00,-5.562500000000003553e+00,-7.812500000000004441e+00,-1.081250000000000533e+01,6.875000000000008882e-01,1.225000000000000711e+01,8.312500000000003553e+00,-3.750000000000001776e+00,-6.250000000000001776e+00,1.750000000000001110e+00,1.062500000000000444e+00,-3.500000000000001776e+00,-5.437500000000002665e+00,-2.625000000000001332e+00,7.062500000000003553e+00,2.812500000000001776e+00,-5.500000000000002665e+00,-9.375000000000004441e-01,-1.187500000000000444e+00,1.062500000000000888e+00,4.312500000000001776e+00,-7.000000000000003553e+00,-2.187500000000000888e+00,1.637500000000000711e+01,5.437500000000000888e+00,-1.793750000000001066e+01,-1.068750000000000711e+01,1.212500000000000711e+01,1.056250000000000533e+01,-1.125000000000000444e+00,-3.875000000000001776e+00,-8.125000000000003553e+00,-6.250000000000000000e-02,6.812500000000003553e+00,-4.687500000000001776e+00,-4.375000000000000000e-01,5.687500000000002665e+00,-5.562500000000002665e+00,-2.375000000000000888e+00,4.500000000000001776e+00,2.125000000000000888e+00,4.375000000000001110e-01,-8.500000000000003553e+00,-7.937500000000003553e+00,6.500000000000002665e+00,1.043750000000000355e+01,7.812500000000003553e+00,7.000000000000003553e+00,1.312500000000000444e+00,-7.187500000000002665e+00,-1.187500000000000533e+01,-9.750000000000005329e+00,4.312500000000001776e+00,1.018750000000000533e+01,-5.187500000000001776e+00,-3.437500000000001776e+00,9.187500000000003553e+00,-5.500000000000003553e+00,-1.137500000000000533e+01,1.175000000000000711e+01,1.543750000000000711e+01,-4.062500000000002665e+00,-9.937500000000005329e+00,-6.812500000000003553e+00,-6.250000000000003553e+00,2.125000000000000444e+00,1.250000000000000533e+01,5.625000000000002665e+00,-9.500000000000003553e+00,-3.687500000000001776e+00,5.000000000000002665e+00,-5.250000000000002665e+00,-2.375000000000001776e+00,5.687500000000002665e+00,-1.750000000000000888e+00,4.562500000000001776e+00,1.218750000000000533e+01,-9.375000000000000000e-01,-1.125000000000000533e+01,-7.625000000000004441e+00,3.437500000000001776e+00,6.062500000000002665e+00,-1.875000000000002220e-01,-1.750000000000000666e+00,-6.500000000000001776e+00,-6.500000000000001776e+00,3.812500000000001332e+00,6.875000000000003553e+00,7.375000000000003553e+00,6.250000000000001776e+00,-5.000000000000003553e+00,-1.518750000000000711e+01,-1.018750000000000355e+01,5.437500000000002665e+00,9.250000000000005329e+00,1.250000000000004441e-01,1.000000000000000888e+00,1.143750000000000533e+01,7.000000000000003553e+00,-8.375000000000003553e+00,-8.437500000000003553e+00,-4.687500000000001776e+00,-5.250000000000002665e+00,5.687500000000002665e+00,7.437500000000003553e+00,-6.250000000000003553e+00,-2.500000000000001776e+00,9.937500000000005329e+00,5.937500000000003553e+00,-8.125000000000002220e-01,-8.125000000000004441e-01,-1.750000000000001110e+00,-7.250000000000002665e+00,-1.075000000000000355e+01,3.437500000000001776e+00,1.375000000000000533e+01,-2.000000000000001776e+00,-8.125000000000003553e+00,3.312500000000001332e+00,1.562500000000000888e+00,-9.500000000000003553e+00,-5.875000000000003553e+00,8.562500000000003553e+00,9.125000000000003553e+00,-3.750000000000002220e-01,-4.687500000000001776e+00,4.250000000000002665e+00,2.043750000000000711e+01,8.375000000000003553e+00,-1.781250000000000711e+01,-9.937500000000003553e+00,1.093750000000000533e+01,1.287500000000000533e+01,5.562500000000001776e+00,-3.312500000000001776e+00,-1.087500000000000533e+01,-1.131250000000000533e+01,1.250000000000000000e-01,9.625000000000003553e+00,2.187500000000000888e+00,-4.062500000000000888e+00,-4.062500000000000888e+00,3.375000000000001776e+00,2.068750000000001066e+01,6.250000000000003553e+00,-2.750000000000001066e+01,-2.212500000000000711e+01,-4.250000000000001776e+00,7.625000000000003553e+00,3.193750000000001066e+01,1.887500000000000355e+01,-2.450000000000001066e+01,-2.000000000000000711e+01,5.187500000000002665e+00,6.875000000000000000e-01,-5.687500000000002665e+00,-4.500000000000002665e+00,-1.112500000000000533e+01,-5.250000000000001776e+00,1.075000000000000533e+01,1.531250000000000711e+01,1.362500000000000711e+01,-2.625000000000000000e+00,-1.743750000000000711e+01,-5.937500000000002665e+00,7.250000000000002665e+00,8.312500000000003553e+00,2.937500000000001776e+00,-4.250000000000001776e+00,-1.087500000000000533e+01,-1.368750000000000711e+01,-4.187500000000001776e+00,-3.812500000000001332e+00,-3.500000000000000444e+00,2.581250000000000711e+01,2.618750000000000711e+01,-1.418750000000000711e+01,-2.431250000000001066e+01,-5.875000000000003553e+00,6.687500000000003553e+00,7.375000000000003553e+00,4.375000000000002220e-01,-8.625000000000003553e+00,-7.250000000000003553e+00,1.568750000000000711e+01,2.187500000000000711e+01,-9.312500000000005329e+00,-3.043750000000001421e+01,-1.318750000000000533e+01,1.525000000000000888e+01,1.350000000000000711e+01,-9.125000000000003553e+00,-1.087500000000000533e+01,7.500000000000002665e+00,2.218750000000001066e+01,1.312500000000000711e+01,-1.775000000000000711e+01,-2.456250000000001066e+01,3.812500000000000000e+00,2.237500000000000711e+01,7.812500000000003553e+00,-1.900000000000000711e+01,-1.593750000000000711e+01,3.500000000000000888e+00,-8.750000000000008882e-01,1.687500000000001776e+00,2.300000000000001066e+01,1.637500000000000711e+01,-1.575000000000000711e+01,-1.768750000000000711e+01,1.306250000000000711e+01,1.500000000000000711e+01,-1.206250000000000711e+01,-1.475000000000000888e+01,2.062500000000001332e+00,1.037500000000000533e+01,1.000000000000000355e+01,5.625000000000000000e-01,-1.525000000000000533e+01,-1.662500000000000711e+01,2.000000000000000888e+00,1.206250000000000711e+01,3.500000000000001776e+00,-4.937500000000001776e+00,1.125000000000000444e+00,1.412500000000000533e+01,6.562500000000001776e+00,-4.437500000000002665e+00,4.875000000000002665e+00,-2.125000000000000000e+00,-2.056250000000001066e+01,-7.187500000000005329e+00,1.381250000000000533e+01,9.375000000000003553e+00,-1.750000000000000444e+00,-5.375000000000002665e+00,-4.437500000000001776e+00,6.312500000000003553e+00,1.093750000000000533e+01,-5.687500000000001776e+00,-1.193750000000000533e+01,5.750000000000001776e+00,1.918750000000000711e+01,1.425000000000000533e+01,-8.750000000000000000e-01,-1.212500000000000533e+01,-1.737500000000000711e+01,-1.493750000000000533e+01,2.125000000000000888e+00,1.056250000000000355e+01,-1.750000000000000444e+00,1.875000000000001776e+00,2.100000000000001066e+01,5.125000000000003553e+00,-3.281250000000001421e+01,-2.056250000000000711e+01,2.731250000000001421e+01,2.493750000000001066e+01,-9.750000000000003553e+00,-9.562500000000003553e+00,-1.875000000000002220e-01,-3.625000000000001776e+00,4.875000000000002665e+00,9.625000000000003553e+00,-6.250000000000002665e+00,-1.131250000000000355e+01,5.375000000000002665e+00,1.012500000000000355e+01,-2.687500000000000888e+00,-1.275000000000000533e+01,-1.300000000000000533e+01,2.875000000000001776e+00,1.550000000000000711e+01,5.875000000000002665e+00,1.125000000000000000e+00,6.750000000000002665e+00,-1.875000000000000000e+00,-1.768750000000000711e+01,-1.387500000000000711e+01,7.187500000000001776e+00,1.506250000000000711e+01,4.062500000000001776e+00,-1.037500000000000355e+01,-8.250000000000003553e+00,1.718750000000000711e+01,1.756250000000000711e+01,-1.343750000000000711e+01,-1.381250000000000711e+01,2.250000000000001332e+00,3.750000000000000000e-01,2.750000000000000888e+00,3.125000000000000000e-01,-9.062500000000003553e+00,1.500000000000001776e+00,1.293750000000000711e+01,4.750000000000002665e+00,-1.000000000000000355e+01,-1.068750000000000355e+01,8.750000000000003553e+00,9.250000000000005329e+00,-1.637500000000000711e+01,-1.675000000000000711e+01,6.187500000000002665e+00,2.093750000000001066e+01,1.737500000000000711e+01,-5.500000000000001776e+00,-1.387500000000000533e+01,-2.625000000000001332e+00,-7.187500000000003553e+00,-6.812500000000003553e+00,9.562500000000003553e+00,6.437500000000002665e+00,-2.750000000000001332e+00,1.500000000000000444e+00,4.812500000000001776e+00,-2.375000000000000888e+00,-1.150000000000000533e+01,6.125000000000003553e+00,2.418750000000001421e+01,-3.437500000000001776e+00,-3.087500000000001421e+01,-1.325000000000000711e+01,1.412500000000000355e+01,9.687500000000003553e+00,-7.062500000000003553e+00,2.937500000000000888e+00,1.656250000000000711e+01,5.812500000000002665e+00,-5.687500000000002665e+00,-5.187500000000002665e+00,-6.187500000000002665e+00,-9.500000000000003553e+00,-3.125000000000000000e-01,1.381250000000000533e+01,6.875000000000002665e+00,-9.125000000000003553e+00,-5.812500000000003553e+00,6.812500000000001776e+00,8.187500000000003553e+00,-4.500000000000002665e+00,-1.056250000000000533e+01,9.250000000000005329e+00,1.850000000000000711e+01,-7.562500000000005329e+00,-2.250000000000001066e+01,-4.000000000000001776e+00,1.175000000000000533e+01,9.187500000000005329e+00,6.875000000000004441e-01,-1.031250000000000355e+01,-1.100000000000000355e+01,4.125000000000002665e+00,1.243750000000000711e+01,2.125000000000000888e+00,-8.437500000000003553e+00,-5.625000000000008882e-01,5.750000000000002665e+00,-7.562500000000002665e+00,-6.062500000000002665e+00,1.631250000000000711e+01,9.562500000000005329e+00,-1.325000000000000533e+01,-2.750000000000000000e+00,1.418750000000000711e+01,6.875000000000000000e-01,-1.506250000000000711e+01,-3.812500000000001776e+00,3.750000000000001332e+00,-1.312500000000000666e+00,1.400000000000000711e+01,9.625000000000003553e+00,-1.937500000000000711e+01,-4.250000000000000000e+00,1.350000000000000711e+01,-3.937500000000002220e+00,-4.437500000000001776e+00,9.312500000000003553e+00,2.812500000000000888e+00,-1.875000000000000711e+01,-1.718750000000000711e+01,1.243750000000000711e+01,2.318750000000001066e+01,1.050000000000000533e+01,-5.312500000000001776e+00,-1.706250000000000711e+01,-1.225000000000000711e+01,-3.875000000000001332e+00,1.562500000000000888e+00,2.193750000000000711e+01,2.812500000000001066e+01,-6.000000000000003553e+00,-2.706250000000001066e+01,-1.250000000000000355e+01,3.750000000000001332e+00,1.012500000000000355e+01,6.187500000000003553e+00,1.812500000000000888e+00,-3.875000000000002665e+00,-9.250000000000003553e+00,-2.687500000000000888e+00,-3.750000000000000888e+00,-5.000000000000001776e+00,8.250000000000003553e+00,9.437500000000003553e+00,-1.000000000000000666e+00,-3.000000000000001776e+00,-4.937500000000001776e+00,-1.125000000000000355e+01,-1.874999999999991118e-01,1.731250000000000711e+01,2.562500000000000000e+00,-1.381250000000000533e+01,5.125000000000001776e+00,1.381250000000000533e+01,-9.375000000000000000e-01,-8.125000000000000000e-01,8.250000000000003553e+00,1.437500000000000888e+00,-1.975000000000000711e+01,-2.043750000000000711e+01,1.400000000000000533e+01,2.950000000000001421e+01,-2.625000000000001776e+00,-2.700000000000001421e+01,-3.937500000000003553e+00,2.131250000000000711e+01,1.875000000000001776e+00,-2.081250000000000711e+01,4.625000000000001776e+00,3.112500000000001421e+01,7.875000000000003553e+00,-1.412500000000000711e+01,-7.187500000000002665e+00,-8.750000000000003553e+00,-1.006250000000000355e+01,-4.187500000000001776e+00,5.000000000000000000e-01,1.400000000000000711e+01,1.081250000000000533e+01,-8.062500000000003553e+00,-1.406250000000000711e+01,-9.812500000000003553e+00,2.937500000000000888e+00,6.250000000000002665e+00,-2.625000000000000888e+00,-7.250000000000002665e+00,-9.562500000000003553e+00,9.375000000000008882e-01,1.368750000000000711e+01,1.050000000000000533e+01,4.062500000000001776e+00,-1.500000000000000888e+00,-6.375000000000003553e+00,1.500000000000000000e+00,1.612500000000000711e+01,1.087500000000000355e+01,2.812500000000000444e+00,8.437500000000001776e+00,-4.937500000000001776e+00,-1.462500000000000533e+01,-2.187500000000000888e+00,-9.687500000000003553e+00,-1.593750000000000533e+01,-5.812500000000002665e+00,-6.312500000000003553e+00,5.750000000000002665e+00,1.506250000000000711e+01,-3.437500000000000888e+00,1.687500000000000000e+00,1.725000000000000711e+01,-2.312500000000000000e+00,-1.100000000000000355e+01,7.500000000000000000e-01,3.312500000000001776e+00,2.893750000000001421e+01,5.193750000000002842e+01,2.437500000000003553e+00,-5.962500000000002842e+01,-4.281250000000001421e+01,1.168750000000000533e+01,2.206250000000000711e+01,-1.312500000000001776e+00,-1.250000000000008882e-01,1.212500000000000533e+01,-4.187500000000000888e+00,-1.737500000000000711e+01,-7.375000000000003553e+00,-1.250000000000000555e-01,0.000000000000000000e+00,1.250000000000000555e-01,6.250000000000002776e-02,0.000000000000000000e+00,0.000000000000000000e+00,0.000000000000000000e+00,0.000000000000000000e+00,0.000000000000000000e+00,6.250000000000002776e-02,6.250000000000002776e-02,-1.875000000000001110e-01,-1.875000000000001110e-01,1.875000000000001110e-01,1.875000000000001110e-01,-6.250000000000002776e-02,-6.250000000000002776e-02,0.000000000000000000e+00,-6.250000000000002776e-02,-1.250000000000000555e-01,0.000000000000000000e+00,1.250000000000000555e-01,0.000000000000000000e+00,-6.250000000000002776e-02,2.500000000000001110e-01,3.125000000000001110e-01,-1.250000000000000833e-01,-1.875000000000001110e-01,0.000000000000000000e+00,-6.250000000000002776e-02,-1.875000000000000833e-01,-2.500000000000001110e-01,6.250000000000005551e-02,3.750000000000002220e-01,1.250000000000000833e-01,-1.875000000000000833e-01,-1.875000000000000833e-01,6.250000000000002776e-02,2.500000000000001110e-01,6.250000000000002776e-02,-6.250000000000002776e-02,6.250000000000002776e-02,-6.250000000000002776e-02,-2.500000000000001110e-01,-1.875000000000000833e-01,-1.875000000000001110e-01,-2.775557561562891351e-17,3.750000000000001665e-01,3.750000000000001665e-01,2.500000000000001110e-01,2.775557561562891351e-17,-3.750000000000001665e-01,-2.500000000000001110e-01,6.250000000000002776e-02,6.250000000000002776e-02,0.000000000000000000e+00,0.000000000000000000e+00,0.000000000000000000e+00,0.000000000000000000e+00,0.000000000000000000e+00,-6.250000000000002776e-02,-6.250000000000002776e-02,1.250000000000000555e-01,-1.000000000000000444e+00,-7.812500000000003553e+00,-1.456250000000000711e+01,-7.937500000000003553e+00,2.687500000000000444e+00,4.000000000000001776e+00,1.625000000000002220e+00,-4.812500000000000888e+00,-1.137500000000000711e+01,3.499999999999999112e+00,2.168750000000001066e+01,-5.000000000000000000e-01,-2.356250000000001066e+01,4.812500000000003553e+00,2.793750000000001421e+01,4.562500000000001776e+00,-9.625000000000003553e+00,2.187500000000000888e+00,-2.187500000000001776e+00,-2.343750000000001066e+01,-2.287500000000001066e+01,9.937500000000003553e+00,2.718750000000001421e+01,1.156250000000000533e+01,1.000000000000000222e+00,-5.000000000000002665e+00,-5.687500000000002665e+00,5.687500000000002665e+00,-9.500000000000003553e+00,-3.706250000000001421e+01,-2.400000000000000711e+01
-1.500000000000003553e+00,2.075000000000000711e+01,8.950000000000001421e+01,-6.825000000000001421e+01,-5.750000000000000000e+00,-2.775000000000000711e+01,2.125000000000000355e+01,1.500000000000000888e+00,-1.525000000000000355e+01,1.650000000000000355e+01,-1.775000000000000355e+01,7.000000000000001776e+00,1.800000000000000355e+01,-2.150000000000000711e+01,5.750000000000001776e+00,1.425000000000000355e+01,-2.750000000000000711e+01,2.750000000000000711e+01,-2.625000000000000711e+01,2.275000000000000711e+01,-1.975000000000000355e+01,1.300000000000000355e+01,6.500000000000000888e+00,-1.850000000000000355e+01,5.500000000000001776e+00,1.400000000000000178e+01,-1.850000000000000355e+01,-5.250000000000001776e+00,2.450000000000000711e+01,-2.550000000000000711e+01,2.125000000000000711e+01,-8.000000000000001776e+00,-6.750000000000001776e+00,1.700000000000000355e+01,-1.475000000000000355e+01,2.125000000000000355e+01,-2.350000000000000711e+01,2.175000000000000711e+01,-2.375000000000000711e+01,6.750000000000001776e+00,4.500000000000000888e+00,5.750000000000001776e+00,2.250000000000000000e+00,-1.400000000000000355e+01,1.075000000000000355e+01,-1.800000000000000355e+01,9.000000000000001776e+00,8.000000000000001776e+00,-1.150000000000000355e+01,1.800000000000000355e+01,-2.075000000000000711e+01,5.750000000000001776e+00,1.600000000000000355e+01,-1.700000000000000355e+01,1.000000000000000444e+00,1.250000000000000178e+01,-1.100000000000000178e+01,2.500000000000000000e-01,-1.500000000000000222e+00,1.625000000000000355e+01,-1.550000000000000355e+01,-1.025000000000000178e+01,1.825000000000000355e+01,2.750000000000000000e+00,-2.250000000000000711e+01,2.600000000000000711e+01,-1.750000000000000355e+01,1.075000000000000355e+01,-1.300000000000000355e+01,-5.000000000000000000e-01,1.650000000000000355e+01,-6.750000000000001776e+00,-1.100000000000000178e+01,1.375000000000000355e+01,4.250000000000000888e+00,-1.725000000000000355e+01,2.750000000000000888e+00,1.700000000000000355e+01,-1.200000000000000178e+01,7.000000000000001776e+00,-1.800000000000000355e+01,8.500000000000001776e+00,1.550000000000000355e+01,-2.000000000000000711e+01,1.100000000000000355e+01,-1.475000000000000355e+01,2.125000000000000355e+01,-2.225000000000000711e+01,1.575000000000000355e+01,7.000000000000000888e+00,-1.800000000000000355e+01,1.275000000000000355e+01,-8.750000000000001776e+00,-8.750000000000003553e+00,2.500000000000000711e+01,-2.600000000000000711e+01,2.100000000000000711e+01,-2.250000000000000888e+00,-1.950000000000000355e+01,2.325000000000000711e+01,-2.000000000000000355e+01,1.500000000000000355e+01,-9.250000000000001776e+00,1.125000000000000355e+01,-1.100000000000000355e+01,1.400000000000000355e+01,-1.425000000000000355e+01,-3.250000000000000888e+00,2.125000000000000711e+01,-2.550000000000000711e+01,1.200000000000000355e+01,1.275000000000000355e+01,-2.525000000000000711e+01,1.900000000000000711e+01,-1.500000000000000355e+01,2.250000000000000711e+01,-1.850000000000000355e+01,8.750000000000001776e+00,-1.650000000000000355e+01,2.150000000000000711e+01,-6.750000000000001776e+00,-1.150000000000000178e+01,4.500000000000000888e+00,1.675000000000000355e+01,-2.425000000000000711e+01,2.075000000000000711e+01,-5.750000000000001776e+00,-1.550000000000000355e+01,2.425000000000000711e+01,-2.050000000000000355e+01,8.750000000000001776e+00,9.000000000000001776e+00,-2.375000000000000711e+01,2.050000000000000355e+01,1.750000000000000888e+00,-1.500000000000000355e+01,1.375000000000000355e+01,-1.550000000000000355e+01,1.750000000000000355e+01,-1.825000000000000355e+01,7.250000000000000888e+00,1.375000000000000355e+01,-1.800000000000000355e+01,5.000000000000001776e+00,-5.500000000000001776e+00,2.000000000000000888e+00,1.850000000000000355e+01,-1.075000000000000355e+01,-8.250000000000001776e+00,1.225000000000000355e+01,-1.225000000000000355e+01,6.500000000000001776e+00,4.500000000000000888e+00,-6.750000000000001776e+00,-2.000000000000000444e+00,-7.000000000000000888e+00,2.100000000000000355e+01,-1.325000000000000355e+01,-4.500000000000000888e+00,1.625000000000000355e+01,-4.500000000000000888e+00,-1.675000000000000355e+01,2.300000000000000711e+01,-1.450000000000000355e+01,5.250000000000000888e+00,-7.750000000000001776e+00,1.500000000000000888e+00,1.300000000000000355e+01,-1.375000000000000355e+01,-3.000000000000000000e+00,2.300000000000000711e+01,-1.975000000000000355e+01,9.750000000000001776e+00,-1.650000000000000355e+01,1.225000000000000355e+01,1.125000000000000178e+01,-2.025000000000000355e+01,6.000000000000000888e+00,1.300000000000000355e+01,-9.500000000000001776e+00,-1.150000000000000178e+01,9.250000000000001776e+00,1.450000000000000355e+01,-1.475000000000000355e+01,1.000000000000000222e+00,4.000000000000000888e+00,-1.575000000000000355e+01,1.350000000000000355e+01,1.100000000000000178e+01,-1.675000000000000355e+01,7.500000000000001776e+00,-3.000000000000000888e+00,-1.175000000000000355e+01,2.325000000000000711e+01,-2.025000000000000355e+01,1.000000000000000178e+01,1.175000000000000355e+01,-1.625000000000000355e+01,-6.500000000000000888e+00,1.750000000000000355e+01,-2.500000000000000000e-01,-1.225000000000000355e+01,4.750000000000000888e+00,6.000000000000000888e+00,-1.550000000000000355e+01,1.950000000000000355e+01,-2.475000000000000711e+01,2.775000000000000711e+01,-2.225000000000000711e+01,9.250000000000001776e+00,1.125000000000000178e+01,-2.275000000000000711e+01,1.200000000000000355e+01,1.300000000000000355e+01,-1.575000000000000355e+01,3.500000000000000888e+00,-1.325000000000000355e+01,2.500000000000000711e+01,-2.600000000000000711e+01,2.300000000000000711e+01,-5.250000000000000888e+00,-1.400000000000000355e+01,5.500000000000000888e+00,4.500000000000000888e+00,1.275000000000000355e+01,-2.425000000000000711e+01,1.025000000000000178e+01,5.250000000000000888e+00,3.500000000000000888e+00,-1.950000000000000711e+01,2.250000000000000711e+01,-1.050000000000000178e+01,-1.275000000000000355e+01,2.150000000000000711e+01,-1.700000000000000355e+01,1.750000000000000355e+01,-1.225000000000000355e+01,-1.750000000000000000e+00,8.500000000000001776e+00,-1.100000000000000355e+01,1.350000000000000355e+01,-1.175000000000000355e+01,5.250000000000000888e+00,7.250000000000001776e+00,-7.000000000000001776e+00,-7.250000000000001776e+00,1.800000000000000355e+01,-2.025000000000000355e+01,2.175000000000000711e+01,-1.425000000000000355e+01,2.750000000000000888e+00,-1.375000000000000355e+01,2.050000000000000711e+01,-1.525000000000000355e+01,1.250000000000000355e+01,4.250000000000000888e+00,-1.125000000000000178e+01,-6.250000000000001776e+00,9.250000000000001776e+00,1.150000000000000355e+01,-2.625000000000000711e+01,2.800000000000000711e+01,-2.175000000000000711e+01,2.500000000000000888e+00,1.450000000000000355e+01,-1.825000000000000355e+01,1.750000000000000355e+01,-1.675000000000000355e+01,1.550000000000000355e+01,-1.425000000000000355e+01,1.575000000000000355e+01,-6.500000000000001776e+00,-1.200000000000000178e+01,1.350000000000000355e+01,-7.500000000000000000e-01,3.500000000000000888e+00,-8.000000000000001776e+00,3.500000000000000888e+00,-1.175000000000000178e+01,1.900000000000000355e+01,-2.000000000000000355e+01,2.025000000000000355e+01,-1.200000000000000178e+01,-1.000000000000000444e+00,-1.250000000000000000e+00,7.500000000000001776e+00,6.750000000000001776e+00,-1.425000000000000355e+01,9.750000000000001776e+00,-1.175000000000000355e+01,1.000000000000000355e+01,-1.175000000000000355e+01,6.000000000000001776e+00,5.250000000000000888e+00,-3.750000000000000888e+00,-1.500000000000000222e+00,1.525000000000000355e+01,-2.575000000000000711e+01,1.875000000000000355e+01,-4.250000000000000000e+00,5.500000000000001776e+00,-2.150000000000000711e+01,2.200000000000000711e+01,-1.500000000000000000e+00,-1.250000000000000355e+01,8.250000000000001776e+00,2.750000000000000444e+00,-1.650000000000000355e+01,1.075000000000000355e+01,1.025000000000000178e+01,-5.500000000000000888e+00,-4.000000000000000888e+00,-2.500000000000001110e-01,-8.750000000000001776e+00,1.000000000000000178e+01,1.750000000000000444e+00,6.750000000000001776e+00,-1.325000000000000355e+01,5.000000000000000000e-01,1.050000000000000355e+01,-1.775000000000000355e+01,1.525000000000000355e+01,3.250000000000000888e+00,-1.950000000000000711e+01,2.125000000000000711e+01,-1.875000000000000355e+01,9.500000000000001776e+00,8.750000000000001776e+00,-5.500000000000000888e+00,-1.275000000000000355e+01,2.175000000000000711e+01,-2.075000000000000711e+01,2.500000000000000000e+00,6.250000000000001776e+00,7.250000000000001776e+00,-1.750000000000000888e+00,-1.375000000000000355e+01,1.725000000000000355e+01,-2.075000000000000355e+01,2.050000000000000355e+01,-4.750000000000000888e+00,-1.150000000000000355e+01,7.500000000000001776e+00,5.000000000000000888e+00,-5.500000000000000888e+00,-1.275000000000000355e+01,1.750000000000000355e+01,5.000000000000000888e+00,-1.725000000000000355e+01,1.550000000000000355e+01,-2.200000000000000711e+01,2.525000000000000711e+01,-1.025000000000000178e+01,-1.475000000000000355e+01,2.650000000000000711e+01,-2.700000000000000711e+01,2.000000000000000355e+01,-6.500000000000000888e+00,8.000000000000001776e+00,-1.700000000000000355e+01,5.500000000000000888e+00,1.425000000000000355e+01,-9.500000000000001776e+00,-5.000000000000000888e+00,1.325000000000000355e+01,-2.000000000000000000e+00,-1.625000000000000355e+01,2.325000000000000711e+01,-2.100000000000000711e+01,3.500000000000000888e+00,1.450000000000000355e+01,-1.175000000000000178e+01,-7.750000000000001776e+00,1.650000000000000355e+01,-1.500000000000000000e+00,-1.825000000000000711e+01,1.725000000000000355e+01,-5.000000000000000000e-01,-1.025000000000000178e+01,2.500000000000000000e-01,1.250000000000000355e+01,-4.500000000000001776e+00,-1.175000000000000178e+01,1.225000000000000355e+01,7.000000000000000888e+00,-1.375000000000000355e+01,-5.000000000000000888e+00,8.750000000000001776e+00,9.750000000000001776e+00,-2.225000000000000711e+01,2.000000000000000711e+01,2.500000000000000000e-01,-2.325000000000000711e+01,2.400000000000000711e+01,-3.250000000000000888e+00,-1.850000000000000355e+01,1.600000000000000355e+01,5.500000000000001776e+00,-1.925000000000000355e+01,1.475000000000000355e+01,-4.500000000000000888e+00,-1.325000000000000355e+01,2.875000000000000711e+01,-1.700000000000000355e+01,-1.000000000000000355e+01,2.475000000000000711e+01,-1.075000000000000355e+01,-1.250000000000000178e+01,6.000000000000000888e+00,1.525000000000000355e+01,-8.500000000000001776e+00,-1.450000000000000355e+01,2.275000000000000711e+01,-6.500000000000000888e+00,-1.750000000000000355e+01,2.150000000000000711e+01,-7.500000000000001776e+00,-1.000000000000000222e+00,1.250000000000000178e+01,-1.000000000000000178e+01,-3.000000000000000888e+00,1.100000000000000178e+01,-2.075000000000000355e+01,7.750000000000000888e+00,9.250000000000003553e+00,-8.750000000000001776e+00,1.825000000000000355e+01,-3.200000000000000711e+01,2.925000000000000711e+01,-1.425000000000000355e+01,-1.750000000000000444e+00,1.175000000000000355e+01,-2.275000000000000711e+01,2.000000000000000355e+01,7.500000000000008882e-01,-1.550000000000000355e+01,1.150000000000000178e+01,2.000000000000000444e+00,-1.950000000000000355e+01,3.075000000000000711e+01,-2.125000000000000355e+01,-6.250000000000000888e+00,2.100000000000000355e+01,-1.000000000000000000e+00,-1.025000000000000178e+01,-9.000000000000001776e+00,8.750000000000001776e+00,1.825000000000000355e+01,-3.075000000000000711e+01,2.975000000000000711e+01,-2.075000000000000355e+01,-6.250000000000002665e+00,2.875000000000000711e+01,-2.450000000000000711e+01,-1.500000000000000000e+00,2.550000000000000711e+01,-2.550000000000000711e+01,2.250000000000000000e+00,2.125000000000000711e+01,-3.150000000000000711e+01,3.300000000000000711e+01,-2.175000000000000711e+01,-4.500000000000000000e+00,1.400000000000000355e+01,-6.750000000000001776e+00,8.750000000000001776e+00,-4.250000000000000888e+00,8.750000000000001776e+00,-9.750000000000001776e+00,0.000000000000000000e+00,-1.000000000000000222e+00,-1.325000000000000355e+01,2.975000000000000711e+01,-1.825000000000000355e+01,-1.075000000000000355e+01,2.600000000000000711e+01,-1.000000000000000355e+01,-1.800000000000000355e+01,1.675000000000000355e+01,9.500000000000001776e+00,-9.500000000000001776e+00,-6.250000000000001776e+00,1.100000000000000355e+01,-1.775000000000000355e+01,1.225000000000000178e+01,-5.250000000000000888e+00,1.600000000000000355e+01,-1.375000000000000178e+01,-9.750000000000003553e+00,2.475000000000000711e+01,-1.625000000000000355e+01,-1.075000000000000355e+01,3.025000000000000711e+01,-2.575000000000000711e+01,3.500000000000000000e+00,2.325000000000000711e+01,-2.300000000000000711e+01,1.300000000000000355e+01,-1.425000000000000355e+01,2.750000000000000888e+00,1.500000000000000355e+01,-1.875000000000000355e+01,1.250000000000000355e+01,-1.000000000000000000e+00,-1.800000000000000355e+01,2.075000000000000711e+01,-9.500000000000003553e+00,1.750000000000000444e+00,1.250000000000000178e+01,-1.375000000000000355e+01,7.500000000000001776e+00,-1.925000000000000355e+01,1.375000000000000355e+01,3.500000000000000888e+00,-5.250000000000000888e+00,1.250000000000000000e+00,-7.500000000000000000e-01,1.700000000000000355e+01,-1.750000000000000355e+01,-2.250000000000000444e+00,1.325000000000000355e+01,-2.025000000000000711e+01,9.250000000000003553e+00,1.275000000000000178e+01,-1.600000000000000355e+01,5.000000000000008882e-01,8.750000000000001776e+00,3.250000000000000888e+00,-1.175000000000000355e+01,1.575000000000000355e+01,-1.750000000000000355e+01,1.600000000000000355e+01,-1.725000000000000355e+01,-1.750000000000000000e+00,2.100000000000000355e+01,-6.750000000000000888e+00,-1.975000000000000355e+01,2.925000000000000711e+01,-2.500000000000000711e+01,2.350000000000000711e+01,-3.500000000000000711e+01,3.175000000000000711e+01,-9.500000000000001776e+00,-1.750000000000000444e+00,8.500000000000001776e+00,-1.875000000000000711e+01,2.175000000000000711e+01,1.025000000000000178e+01,-2.325000000000000355e+01,-3.250000000000000888e+00,1.850000000000000355e+01,-1.150000000000000178e+01,1.500000000000000355e+01,-1.025000000000000355e+01,7.500000000000000000e-01,-3.250000000000000444e+00,-9.000000000000001776e+00,1.750000000000000355e+01,-3.250000000000000000e+00,-1.425000000000000355e+01,2.425000000000000711e+01,-3.225000000000000711e+01,2.750000000000000711e+01,1.425000000000000355e+01,-3.450000000000000711e+01,-2.500000000000000000e-01,1.350000000000000355e+01,-1.725000000000000355e+01,6.500000000000000888e+00,5.425000000000001421e+01,-7.275000000000001421e+01,3.225000000000000711e+01,-1.400000000000000355e+01,1.925000000000000355e+01,-2.850000000000000711e+01,2.500000000000000711e+01,-1.475000000000000355e+01,-1.425000000000000355e+01,2.950000000000000711e+01,-1.950000000000000355e+01,1.575000000000000355e+01,1.150000000000000178e+01,-3.750000000000000711e+01,2.700000000000000711e+01,-1.450000000000000355e+01,1.075000000000000355e+01,2.500000000000000888e+00,-1.025000000000000355e+01,9.250000000000003553e+00,-1.325000000000000355e+01,-7.500000000000001776e+00,2.800000000000000711e+01,-4.000000000000001421e+01,2.000000000000000711e+01,4.150000000000000711e+01,-5.075000000000001421e+01,1.875000000000000355e+01,-1.325000000000000178e+01,4.750000000000000888e+00,1.275000000000000355e+01,-1.850000000000000355e+01,2.125000000000000355e+01,-2.800000000000000711e+01,1.125000000000000178e+01,2.750000000000000711e+01,-2.400000000000000355e+01,1.500000000000000444e+00,-2.050000000000000355e+01,1.975000000000000355e+01,9.250000000000001776e+00,-1.400000000000000355e+01,-4.000000000000000000e+00,6.750000000000000888e+00,2.500000000000000000e-01,1.850000000000000355e+01,-9.750000000000003553e+00,-2.725000000000000355e+01,2.225000000000000355e+01,-3.250000000000000888e+00,1.350000000000000355e+01,-6.750000000000001776e+00,-3.200000000000000711e+01,4.175000000000001421e+01,-2.525000000000000711e+01,-7.500000000000000000e-01,1.600000000000000355e+01,6.500000000000001776e+00,-1.750000000000000000e+00,-2.975000000000000711e+01,2.450000000000000355e+01,1.025000000000000355e+01,-1.500000000000000355e+01,-9.750000000000003553e+00,1.525000000000000355e+01,-1.175000000000000178e+01,1.775000000000000355e+01,-1.025000000000000178e+01,6.250000000000001776e+00,-2.050000000000000355e+01,6.750000000000001776e+00,1.475000000000000355e+01,-1.575000000000000355e+01,1.625000000000000355e+01,-2.225000000000000711e+01,2.000000000000000355e+01,8.750000000000003553e+00,-2.575000000000000711e+01,1.900000000000000711e+01,5.750000000000000000e+00,-2.325000000000000355e+01,-2.500000000000000000e-01,1.625000000000000355e+01,-5.000000000000000888e+00,2.000000000000000444e+00,-5.250000000000001776e+00,5.750000000000001776e+00,-1.600000000000000355e+01,3.075000000000000711e+01,-1.950000000000000355e+01,-4.500000000000001776e+00,5.250000000000001776e+00,5.500000000000001776e+00,7.000000000000000888e+00,-7.500000000000000000e-01,-9.250000000000001776e+00,4.500000000000000888e+00,-1.500000000000000355e+01,1.250000000000000000e+00,1.650000000000000355e+01,-9.500000000000001776e+00,-8.750000000000001776e+00,1.775000000000000355e+01,1.050000000000000178e+01,-2.000000000000000355e+01,-2.475000000000000711e+01,2.800000000000000711e+01,2.375000000000000711e+01,-3.475000000000000711e+01,9.000000000000001776e+00,1.050000000000000178e+01,-1.900000000000000355e+01,1.100000000000000178e+01,4.500000000000001776e+00,1.000000000000000000e+00,-1.750000000000000355e+01,1.000000000000000178e+01,1.125000000000000178e+01,-1.450000000000000355e+01,8.500000000000001776e+00,-1.275000000000000355e+01,-4.250000000000001776e+00,2.200000000000000711e+01,-8.500000000000001776e+00,-6.250000000000000888e+00,1.575000000000000355e+01,-9.000000000000001776e+00,2.000000000000000444e+00,-1.825000000000000355e+01,1.050000000000000355e+01,1.300000000000000355e+01,-1.525000000000000355e+01,1.950000000000000711e+01,-3.275000000000000711e+01,2.050000000000000355e+01,1.875000000000000355e+01,-1.775000000000000355e+01,-2.050000000000000355e+01,3.925000000000000711e+01,-3.700000000000000711e+01,2.125000000000000355e+01,2.000000000000000888e+00,-1.575000000000000355e+01,4.250000000000000888e+00,1.200000000000000355e+01,-6.500000000000001776e+00,4.500000000000000888e+00,-1.225000000000000355e+01,-4.000000000000000000e+00,3.525000000000000711e+01,-3.750000000000001421e+01,3.750000000000001776e+00,7.500000000000001776e+00,-4.750000000000001776e+00,2.125000000000000711e+01,-6.500000000000001776e+00,-2.050000000000000711e+01,1.875000000000000711e+01,-2.750000000000000888e+00,-2.350000000000000355e+01,2.725000000000000711e+01,-3.000000000000000888e+00,-1.650000000000000355e+01,2.425000000000000711e+01,-2.425000000000000711e+01,2.650000000000000711e+01,-2.175000000000000711e+01,-8.750000000000001776e+00,3.775000000000000711e+01,-1.350000000000000178e+01,-1.900000000000000355e+01,1.000000000000000000e+00,2.750000000000000000e+00,1.950000000000000711e+01,-2.300000000000000711e+01,1.750000000000000000e+00,2.200000000000000711e+01,-1.425000000000000355e+01,7.250000000000001776e+00,-1.000000000000000355e+01,8.750000000000001776e+00,-1.050000000000000178e+01,-2.500000000000000888e+00,1.000000000000000178e+01,7.000000000000001776e+00,-1.225000000000000355e+01,-3.000000000000000888e+00,1.100000000000000355e+01,-7.250000000000001776e+00,1.450000000000000355e+01,-2.275000000000000711e+01,4.000000000000000000e+00,2.750000000000000711e+01,-2.050000000000000355e+01,-2.250000000000000444e+00,-1.225000000000000355e+01,2.700000000000000711e+01,-2.100000000000000711e+01,2.025000000000000711e+01,-1.400000000000000355e+01,-5.750000000000001776e+00,5.750000000000001776e+00,3.250000000000000888e+00,6.000000000000001776e+00,-1.100000000000000355e+01,-2.250000000000000888e+00,1.400000000000000355e+01,-6.750000000000001776e+00,-1.400000000000000355e+01,1.250000000000000355e+01,2.275000000000000355e+01,-3.800000000000000711e+01,1.775000000000000355e+01,5.000000000000000000e-01,9.750000000000003553e+00,-1.825000000000000355e+01,-2.500000000000000888e+00,1.975000000000000355e+01,-1.600000000000000355e+01,-1.125000000000000355e+01,5.925000000000001421e+01,-6.925000000000001421e+01,2.100000000000000711e+01,2.825000000000000355e+01,-3.825000000000000711e+01,2.275000000000000711e+01,-1.125000000000000355e+01,1.550000000000000355e+01,-1.000000000000000355e+01,-1.950000000000000355e+01,1.225000000000000355e+01,2.375000000000000355e+01,-3.075000000000000711e+01,4.375000000000001421e+01,-5.575000000000001421e+01,3.850000000000001421e+01,-3.200000000000000711e+01,2.725000000000000711e+01,-3.075000000000000711e+01,5.525000000000001421e+01,-2.575000000000000711e+01,-2.025000000000000355e+01,2.125000000000000355e+01,-2.400000000000000711e+01,2.525000000000000711e+01,-6.750000000000000888e+00,-9.250000000000001776e+00,2.525000000000000355e+01,-3.650000000000000711e+01,2.275000000000000711e+01,-7.500000000000008882e-01,-2.350000000000000355e+01,2.900000000000000711e+01,-1.475000000000000355e+01,1.275000000000000355e+01,-1.725000000000000355e+01,1.850000000000000355e+01,-1.875000000000000355e+01,5.000000000000000000e-01,8.750000000000001776e+00,1.775000000000000355e+01,-3.750000000000000711e+01,1.825000000000000355e+01,1.700000000000000355e+01,-2.475000000000000711e+01,1.675000000000000355e+01,-8.500000000000001776e+00,1.225000000000000355e+01,-7.250000000000002665e+00,-2.150000000000000355e+01,1.000000000000000178e+01,2.400000000000000711e+01,-6.750000000000001776e+00,-1.750000000000000355e+01,-6.000000000000001776e+00,2.400000000000000711e+01,1.000000000000001776e+00,-2.125000000000000711e+01,-3.500000000000001776e+00,3.025000000000000711e+01,2.500000000000000000e+00,-3.175000000000000711e+01,2.600000000000000711e+01,-1.025000000000000355e+01,-1.925000000000000355e+01,3.125000000000000711e+01,-3.475000000000000711e+01,2.200000000000000355e+01,1.675000000000000355e+01,-3.525000000000000711e+01,3.050000000000000711e+01,-3.175000000000000711e+01,1.200000000000000355e+01,1.650000000000000355e+01,-2.975000000000000711e+01,2.875000000000000711e+01,-2.500000000000000711e+01,1.000000000000000000e+00,2.250000000000000711e+01,-2.100000000000000355e+01,2.475000000000000711e+01,-2.200000000000000711e+01,1.725000000000000355e+01,-2.100000000000000711e+01,1.825000000000000355e+01,1.200000000000000355e+01,-2.625000000000000711e+01,2.450000000000000711e+01,4.500000000000000000e+00,-3.825000000000000711e+01,3.450000000000000711e+01,-9.500000000000001776e+00,-2.925000000000000711e+01,3.550000000000000711e+01,-2.675000000000000711e+01,-2.750000000000000000e+00,3.350000000000000711e+01,-2.300000000000000355e+01,-1.100000000000000355e+01,3.700000000000000711e+01,-1.675000000000000355e+01,-1.900000000000000355e+01,3.025000000000000711e+01,-2.100000000000000711e+01,-1.750000000000000000e+00,4.425000000000000711e+01,3.000000000000000000e+00,-4.175000000000000711e+01,-1.650000000000000355e+01,2.175000000000000355e+01,4.750000000000000888e+00,5.000000000000001776e+00,-3.075000000000000711e+01,4.700000000000001421e+01,-2.875000000000000711e+01,-5.000000000000001110e-01,5.000000000000001110e-01,-5.000000000000001110e-01,2.500000000000000555e-01,0.000000000000000000e+00,0.000000000000000000e+00,0.000000000000000000e+00,0.000000000000000000e+00,0.000000000000000000e+00,0.000000000000000000e+00,0.000000000000000000e+00,0.000000000000000000e+00,0.000000000000000000e+00,2.500000000000000555e-01,-7.500000000000002220e-01,7.500000000000002220e-01,-2.500000000000000555e-01,0.000000000000000000e+00,0.000000000000000000e+00,0.000000000000000000e+00,0.000000000000000000e+00,0.000000000000000000e+00,-2.500000000000000555e-01,5.000000000000001110e-01,-5.000000000000001110e-01,5.000000000000001110e-01,-7.500000000000002220e-01,1.250000000000000444e+00,-1.000000000000000222e+00,2.500000000000000555e-01,2.500000000000000555e-01,-5.000000000000001110e-01,5.000000000000001110e-01,-5.000000000000001110e-01,0.000000000000000000e+00,5.000000000000001110e-01,-2.500000000000000555e-01,0.000000000000000000e+00,0.000000000000000000e+00,-2.500000000000000555e-01,5.000000000000001110e-01,-2.500000000000000555e-01,0.000000000000000000e+00,0.000000000000000000e+00,2.500000000000000555e-01,-5.000000000000001110e-01,2.500000000000000555e-01,0.000000000000000000e+00,-5.000000000000001110e-01,7.500000000000002220e-01,-2.500000000000000555e-01,0.000000000000000000e+00,5.000000000000001110e-01,-7.500000000000002220e-01,2.500000000000000555e-01,0.000000000000000000e+00,0.000000000000000000e+00,0.000000000000000000e+00,0.000000000000000000e+00,0.000000000000000000e+00,0.000000000000000000e+00,0.000000000000000000e+00,0.000000000000000000e+00,0.000000000000000000e+00,-2.500000000000000555e-01,7.500000000000002220e-01,-1.000000000000000222e+00,-3.500000000000000888e+00,-1.400000000000000355e+01,2.200000000000000355e+01,-2.075000000000000355e+01,2.125000000000000355e+01,-1.850000000000000355e+01,1.400000000000000355e+01,-2.850000000000000711e+01,3.725000000000000711e+01,-1.500000000000000000e+00,-3.075000000000000711e+01,9.500000000000000000e+00,2.100000000000000711e+01,2.750000000000000000e+00,-3.250000000000000711e+01,3.825000000000000711e+01,-2.850000000000000711e+01,2.050000000000000711e+01,-4.025000000000000711e+01,2.000000000000000355e+01,1.650000000000000355e+01,-5.750000000000001776e+00,-7.000000000000001776e+00,2.275000000000000711e+01,-3.850000000000001421e+01,3.125000000000000711e+01,-7.500000000000008882e-01,-3.050000000000000711e+01,2.000000000000003553e+00
